# Time (MET) Delta_Time Flux(ph cm-2 s-1) Delta_Flux Index Delta_Index TS Npred
242223439.465	303438.465	2.7739849448e-07	2.96407415221e-08	-2.0	0.0	285.674569985	175.185095021
242830316.396	303438.4655	1.15028684703e-07	2.22568779925e-08	-2.0	0.0	101.883921402	68.7959170899
243437193.326	303438.465	1.03813503422e-07	2.38266497599e-08	-2.0	0.0	54.1699676377	50.5197239875
244044070.256	303438.465	8.4271494663e-08	2.31008879076e-08	-2.0	0.0	40.2251857012	34.8446209097
244650947.186	303438.465	8.11271130377e-08	0.0	-2.0	0.0	8.40196913877	13.4715347969
245257824.116	303438.4655	5.56725568886e-08	2.11298365277e-08	-2.0	0.0	21.9162764002	23.5452823381
245864701.047	303438.465	7.30594521485e-08	1.99011406745e-08	-2.0	0.0	35.3316488407	38.377441463
246471577.977	303438.465	2.80439112555e-07	2.93266896965e-08	-2.0	0.0	335.65243915	174.149375147
247078454.907	303438.4655	6.40696004841e-08	1.86051729962e-08	-2.0	0.0	29.2117661809	41.2882794258
247685331.838	303438.465	5.04418936257e-08	1.66942336064e-08	-2.0	0.0	28.5519136161	29.1144941739
248292208.768	303438.465	7.33599462935e-08	0.0	-2.0	0.0	5.84019158493	16.4247490787
248899085.698	303438.465	4.93152459188e-08	0.0	-2.0	0.0	7.91657647342	8.48203006051
249505962.628	303438.4655	9.61297737205e-08	2.49930639308e-08	-2.0	0.0	49.4501587708	37.3024835258
250112839.559	303438.465	1.74839886013e-07	2.77145247123e-08	-2.0	0.0	125.136693426	85.9380450714
250719716.489	303438.465	4.38791867682e-08	1.7508558269e-08	-2.0	0.0	12.0838554594	24.6124866631
251326593.419	303438.4655	9.5062118293e-08	2.1719847906e-08	-2.0	0.0	50.4980386898	60.1615124193
251933470.35	303438.465	3.33733873326e-08	1.44592816146e-08	-2.0	0.0	12.2821428126	20.9453966218
252540347.28	303438.465	4.32241336044e-08	1.77860780212e-08	-2.0	0.0	11.0044764578	22.5003863279
253147224.21	303438.465	3.5854718618e-08	1.82284980398e-08	-2.0	0.0	10.3043391486	15.5609967672
253754101.141	303438.4655	6.32562737578e-08	2.34759592373e-08	-2.0	0.0	15.4278687209	24.0276553409
254360978.071	303438.465	5.87268116533e-08	2.0076399323e-08	-2.0	0.0	36.6830006639	23.8734430416
254967855.001	303438.465	5.57581216043e-08	1.74025452591e-08	-2.0	0.0	43.7126609938	26.0338444637
255574731.932	303438.4655	1.20462957453e-07	2.53072094797e-08	-2.0	0.0	65.4218404823	65.0606502925
256181608.862	303438.465	1.91252964776e-07	2.66545755865e-08	-2.0	0.0	170.27628335	120.028074764
256788485.792	303438.465	5.15925005037e-08	1.70939332368e-08	-2.0	0.0	30.7308230436	30.5166905617
257395362.722	303438.4655	7.97868111064e-08	2.26170497967e-08	-2.0	0.0	30.2454927415	38.6839999268
258002239.653	303438.465	4.3725217988e-08	1.90665265446e-08	-2.0	0.0	17.6425941901	17.8580088106
258609116.583	303438.465	1.10442023558e-07	0.0	-2.0	0.0	2.84110197302	5.17356357301
259215993.513	303438.465	5.45218258237e-08	2.0276021847e-08	-2.0	0.0	17.1531600572	25.9029718652
259822870.443	303438.4655	6.78323989041e-08	2.06024440739e-08	-2.0	0.0	27.2670634161	36.7877960536
260429747.374	303438.465	8.99128719306e-08	1.98545286467e-08	-2.0	0.0	64.3368251961	54.3678974041
261036624.304	303438.465	6.96278605223e-08	2.14024635955e-08	-2.0	0.0	22.8476904338	41.3542257806
261643501.234	303438.4655	5.65966992906e-08	2.00609004135e-08	-2.0	0.0	16.3178326275	31.4472073929
262250378.165	303438.465	5.03107816648e-08	2.11258750497e-08	-2.0	0.0	11.519419488	22.7503698632
262857255.095	303438.465	6.40362082177e-08	2.53320176883e-08	-2.0	0.0	18.3477211881	21.9965783902
263464132.025	303438.465	3.44722918756e-08	1.74932866773e-08	-2.0	0.0	9.10327731684	13.1471181796
264071008.956	303438.4655	6.4444656904e-08	2.13885603528e-08	-2.0	0.0	22.0880867365	30.3736337745
264677885.886	303438.465	7.23914425108e-08	1.82921906918e-08	-2.0	0.0	45.9133611503	44.1883188734
265284762.816	303438.465	7.54279055437e-08	1.88826147672e-08	-2.0	0.0	46.1511746532	51.0047793152
265891639.747	303438.4655	5.66181000477e-08	0.0	-2.0	0.0	6.48145929606	16.624892757
266498516.677	303438.465	5.63179596872e-08	0.0	-2.0	0.0	4.71975088467	13.6326085627
267105393.607	303438.465	4.80186882549e-09	0.0	-2.0	0.0	-0.000278063846054	0.000420990542095
267712270.537	303438.465	5.80918449069e-09	0.0	-2.0	0.0	-0.000201808028578	0.000367249435498
268319147.468	303438.4655	3.85767433139e-08	0.0	-2.0	0.0	1.72447859855	7.25382907316
268926024.398	303438.465	4.40626085625e-08	1.8396459596e-08	-2.0	0.0	10.2255656771	23.2778093089
269532901.328	303438.465	8.23320125385e-08	0.0	-2.0	0.0	7.89754725515	22.7366393025
270139778.258	303438.4655	4.16498575172e-08	1.69127756922e-08	-2.0	0.0	13.0871954342	24.3894493411
270746655.189	303438.465	5.77156595923e-09	0.0	-2.0	0.0	-0.000433046894614	0.00219488775255
271353532.119	303438.465	4.90598330316e-08	1.88633496598e-08	-2.0	0.0	20.1452686797	22.9817143671
271960409.049	303438.465	6.41401440447e-08	2.02705497297e-08	-2.0	0.0	28.8147706487	26.7045172061
272567285.979	303438.4655	5.84348055367e-08	2.09547070136e-08	-2.0	0.0	21.6471819534	23.5343565837
273174162.91	303438.465	4.89724481262e-08	0.0	-2.0	0.0	4.44193180395	10.4490167954
273781039.84	303438.465	7.27086992157e-09	0.0	-2.0	0.0	-0.000801185669843	0.0157014268818
274387916.771	303438.4655	4.70247061603e-08	0.0	-2.0	0.0	2.64570797806	8.80034063721
274994793.701	303438.465	5.31428269916e-08	2.27184548828e-08	-2.0	0.0	13.1967271985	22.6247509092
275601670.631	303438.465	5.24461087151e-08	0.0	-2.0	0.0	4.40493125415	9.6456988914
276208547.561	303438.465	1.96895222933e-08	0.0	-2.0	0.0	0.261524786674	3.19234636069
276815424.492	303438.4655	7.46004592844e-08	0.0	-2.0	0.0	7.38026517663	14.7608152668
277422301.422	303438.465	2.09134983235e-08	0.0	-2.0	0.0	0.60090117445	3.40499165118
278029178.352	303438.465	4.5335905778e-08	1.94297349043e-08	-2.0	0.0	9.79868822442	19.5481595053
278636055.283	303438.4655	4.44673430418e-08	1.87415690086e-08	-2.0	0.0	14.0689533374	17.481843085
279242932.213	303438.465	9.22440714005e-08	0.0	-2.0	0.0	5.93864359266	17.4886148173
279849809.143	303438.465	6.70318841389e-08	2.24616632667e-08	-2.0	0.0	26.5617670755	28.1442185911
280456686.073	303438.465	8.2642134651e-08	2.09620984607e-08	-2.0	0.0	47.1548626353	36.6717440195
281063563.003	303438.4655	6.47745860996e-08	2.07357306582e-08	-2.0	0.0	24.0899713134	29.2268631617
281670439.934	303438.465	3.29516078459e-08	1.58802126683e-08	-2.0	0.0	12.0640257999	14.3800110516
282277316.864	303438.465	3.01647845157e-08	1.49510005268e-08	-2.0	0.0	14.4979448413	14.2818453588
282884193.794	303438.4655	3.01501896654e-08	1.44976079827e-08	-2.0	0.0	13.6050963569	13.3541783064
283491070.725	303438.465	6.15561662802e-08	0.0	-2.0	0.0	4.50724304902	11.719295118
284097947.655	303438.465	4.07503993634e-08	0.0	-2.0	0.0	4.18239642944	7.17073885082
284704824.585	303438.465	7.23283497764e-08	0.0	-2.0	0.0	4.91438086472	14.4362706036
285311701.516	303438.4655	1.80853491954e-08	0.0	-2.0	0.0	0.41897988601	2.92107293804
285918578.446	303438.465	5.15642946498e-08	0.0	-2.0	0.0	4.46290512049	10.0884918465
286525455.376	303438.465	5.21497575747e-08	0.0	-2.0	0.0	4.29615097931	11.0603997696
287132332.307	303438.4655	6.40768769358e-08	0.0	-2.0	0.0	4.85362203504	13.4521355183
287739209.237	303438.465	3.36011052041e-08	0.0	-2.0	0.0	5.70028823946	5.83735502775
288346086.167	303438.465	8.81520763454e-08	0.0	-2.0	0.0	6.75903309441	17.2791367755
288952963.098	303438.4655	1.99232652137e-08	0.0	-2.0	0.0	0.187755317205	2.38073637752
289559840.028	303438.465	5.53506780645e-08	2.11923875561e-08	-2.0	0.0	22.5081350624	24.4272333896
290166716.958	303438.465	4.45650216991e-08	1.85481681493e-08	-2.0	0.0	13.5712737474	20.7924919285
290773593.888	303438.465	4.90229463325e-08	1.82082276857e-08	-2.0	0.0	24.695152899	21.5593073447
291380470.818	303438.4655	4.15709152777e-08	0.0	-2.0	0.0	4.67126333217	8.77030592692
291987347.749	303438.465	2.89739770577e-08	0.0	-2.0	0.0	1.10939479814	4.7658391126
292594224.679	303438.465	5.42990803983e-08	0.0	-2.0	0.0	3.11547408572	9.56637649803
293201101.609	303438.4655	4.09435392139e-08	0.0	-2.0	0.0	2.73424998426	7.94232373853
293807978.54	303438.465	2.06296350111e-08	1.21651835956e-08	-2.0	0.0	9.89088134011	9.17272864125
294414855.47	303438.465	6.60624885551e-08	2.04903390744e-08	-2.0	0.0	30.3366716713	31.1513962309
295021732.4	303438.465	2.00786626058e-07	3.08586960132e-08	-2.0	0.0	159.076700973	83.7346438984
295628609.331	303438.4655	5.26070059253e-08	1.77250479146e-08	-2.0	0.0	31.5928225704	22.1691262985
296235486.261	303438.465	6.94930376537e-08	0.0	-2.0	0.0	8.5667663461	15.0048249758
296842363.191	303438.465	4.66263657538e-09	0.0	-2.0	0.0	-0.000250262819463	0.000451125665782
297449240.122	303438.4655	8.29976443117e-08	2.34942217694e-08	-2.0	0.0	45.7416285813	38.8303398902
298056117.052	303438.465	4.29822406668e-08	0.0	-2.0	0.0	2.19688763487	8.83649742922
298662993.982	303438.465	7.30299872345e-08	2.10550025278e-08	-2.0	0.0	33.0299933308	34.2217105922
299269870.912	303438.465	4.44284222255e-08	1.80385488826e-08	-2.0	0.0	14.5417455781	21.4151527399
299876747.842	303438.4655	3.85266197808e-08	1.79711246957e-08	-2.0	0.0	9.69049782345	16.4693955838
300483624.773	303438.465	1.0106586169e-07	2.41491384877e-08	-2.0	0.0	49.3509483706	47.9215515514
301090501.703	303438.465	6.34353504357e-08	2.14661000675e-08	-2.0	0.0	22.6924014294	30.8218068043
301697378.633	303438.4655	7.16972241853e-08	2.30617279929e-08	-2.0	0.0	33.3789771888	32.8259979936
302304255.564	303438.465	4.94343670492e-08	0.0	-2.0	0.0	2.48491619651	10.3062513917
302911132.494	303438.465	8.56245041564e-09	0.0	-2.0	0.0	-0.000604877532169	0.00501379421619
303518009.424	303438.465	6.87149398231e-09	0.0	-2.0	0.0	-7.16403083061e-05	0.00045674538197
304124886.354	303438.4655	3.18743859692e-08	1.6321109552e-08	-2.0	0.0	9.60932866147	14.4224230378
304731763.285	303438.465	4.01321752013e-08	0.0	-2.0	0.0	5.8708374909	6.9722036553
305338640.215	303438.465	4.08228821355e-08	0.0	-2.0	0.0	3.31059642257	8.32222395612
305945517.146	303438.4655	3.41762531691e-08	0.0	-2.0	0.0	1.41129346769	5.99915353388
306552394.076	303438.465	4.76026499256e-08	0.0	-2.0	0.0	1.75619918983	8.97788955088
307159271.006	303438.465	4.41249061233e-08	2.04966038392e-08	-2.0	0.0	11.8924815862	13.3054216868
307766147.936	303438.465	7.44890827543e-08	0.0	-2.0	0.0	7.36199950398	14.9468988789
308373024.867	303438.4655	4.64497158705e-08	0.0	-2.0	0.0	5.1552922824	9.57693485863
308979901.797	303438.465	3.04452390211e-08	0.0	-2.0	0.0	4.07146344641	5.29112102769
309586778.727	303438.465	1.73321640272e-08	0.0	-2.0	0.0	1.60597910323	2.452810851
310193655.658	303438.4655	2.61268166194e-08	0.0	-2.0	0.0	6.91857609287	4.63528890871
310800532.588	303438.465	5.62140263554e-09	0.0	-2.0	0.0	-0.000282526736555	0.000733481786498
311407409.518	303438.465	3.03242058295e-08	1.53472380222e-08	-2.0	0.0	10.5814475488	12.4583111149
312014286.448	303438.465	1.93173446119e-08	0.0	-2.0	0.0	0.159686472354	2.44842920757
312621163.378	303438.4655	6.58896542934e-08	0.0	-2.0	0.0	6.96710727208	13.3722817079
313228040.309	303438.465	3.38788317577e-08	1.61475636268e-08	-2.0	0.0	9.52050853299	16.0400797419
313834917.239	303438.465	2.79414103825e-08	1.39995891866e-08	-2.0	0.0	17.2375093523	12.4795866808
314441794.169	303438.4655	3.40168236063e-08	1.55925216512e-08	-2.0	0.0	12.3245819632	16.31678423
315048671.1	303438.465	2.33747124635e-08	0.0	-2.0	0.0	0.300455866673	3.24551227616
315655548.03	303438.465	2.81706929228e-08	0.0	-2.0	0.0	1.40792384893	3.73286805835
316262424.96	303438.465	7.18568866876e-09	0.0	-2.0	0.0	-5.87080066907e-05	0.000430513430857
316869301.891	303438.4655	5.57100985785e-08	0.0	-2.0	0.0	2.28229946754	10.7199509816
317476178.821	303438.465	2.4855024155e-08	1.30747927059e-08	-2.0	0.0	12.9458572522	11.7539171214
318083055.751	303438.465	4.06196163783e-08	1.8673288889e-08	-2.0	0.0	10.0786672263	18.4393903816
318689932.682	303438.4655	7.85443970905e-09	0.0	-2.0	0.0	-0.000483925276058	0.00725177152462
319296809.612	303438.465	3.73860481505e-08	0.0	-2.0	0.0	3.0909105171	7.29678697085
319903686.542	303438.465	2.37906826793e-08	0.0	-2.0	0.0	0.42786774924	3.66641249779
320510563.473	303438.4655	5.87875237498e-09	0.0	-2.0	0.0	-0.000223295643082	0.000459876537033
321117440.403	303438.465	6.51055534406e-09	0.0	-2.0	0.0	-7.42348784115e-05	0.000436384322132
321724317.333	303438.465	6.39115055583e-08	2.05873652322e-08	-2.0	0.0	26.6240004946	27.3211507333
322331194.263	303438.465	4.86222667207e-08	0.0	-2.0	0.0	5.1684975603	10.3144950636
322938071.193	303438.4655	3.15267469012e-08	0.0	-2.0	0.0	4.71425874708	5.4887988366
323544948.124	303438.465	8.27966223623e-09	0.0	-2.0	0.0	-5.9582049289e-05	0.00273713679327
324151825.054	303438.465	5.67033726089e-09	0.0	-2.0	0.0	-0.000422611788963	0.00117141993884
324758701.984	303438.4655	8.66462636052e-09	0.0	-2.0	0.0	-0.000127606930619	0.000250460664903
325365578.915	303438.465	6.93954998516e-08	2.47032502784e-08	-2.0	0.0	14.3555312139	28.7794195774
325972455.845	303438.465	6.94719195323e-09	0.0	-2.0	0.0	-0.000108774871478	0.000449087886319
326579332.775	303438.465	6.55174410632e-08	0.0	-2.0	0.0	7.40458644627	13.990902338
327186209.706	303438.4655	3.57721990265e-08	0.0	-2.0	0.0	7.69661374828	7.20814739488
327793086.636	303438.465	5.7563555454e-09	0.0	-2.0	0.0	-0.000166328929481	0.00053515283823
328399963.566	303438.465	3.79858822992e-08	0.0	-2.0	0.0	2.68876410755	7.91636703112
329006840.497	303438.4655	2.55967361714e-08	0.0	-2.0	0.0	0.671893541123	4.21554883462
329613717.427	303438.465	7.27635740249e-09	0.0	-2.0	0.0	-0.000159517672728	0.00054428200667
330220594.357	303438.465	5.24683215642e-08	0.0	-2.0	0.0	2.07030496966	9.93779012618
330827471.287	303438.465	3.18758793576e-08	0.0	-2.0	0.0	4.99877754947	5.59128145382
331434348.217	303438.4655	2.93491993796e-08	0.0	-2.0	0.0	1.71158115169	5.71986244853
332041225.148	303438.465	4.80310200286e-08	0.0	-2.0	0.0	2.04002947625	10.1486481901
332648102.078	303438.465	5.33974374032e-08	0.0	-2.0	0.0	3.37119857895	11.0128699068
333254979.008	303438.4655	3.58908968311e-08	0.0	-2.0	0.0	2.83902954701	6.8019298895
333861855.939	303438.465	2.7972124691e-07	3.64402150526e-08	-2.0	0.0	228.947006446	113.707820261
334468732.869	303438.465	5.28163176736e-08	2.05039452318e-08	-2.0	0.0	15.4424966821	21.375284853
335075609.799	303438.465	2.51544681661e-08	1.43332802223e-08	-2.0	0.0	9.61179362309	10.3629385697
335682486.729	303438.4655	5.86289067583e-08	2.02530069176e-08	-2.0	0.0	22.1511745303	25.051416769
336289363.66	303438.465	4.81112333349e-08	0.0	-2.0	0.0	2.37166488333	8.98576131154
336896240.59	303438.465	4.16125929033e-08	0.0	-2.0	0.0	3.45944028805	8.05100049539
337503117.521	303438.4655	2.36502543234e-08	1.18926424865e-08	-2.0	0.0	13.7113821969	14.4035549993
338109994.451	303438.465	3.21278753033e-08	0.0	-2.0	0.0	0.932156362476	5.5672108288
338716871.381	303438.465	6.82048500227e-08	2.40064025493e-08	-2.0	0.0	17.0814170656	26.1568395555
339323748.311	303438.465	4.02415393067e-08	1.90634970728e-08	-2.0	0.0	16.4237100488	15.706884769
339930625.242	303438.4655	5.54174449887e-08	0.0	-2.0	0.0	3.20056226709	11.050759476
340537502.172	303438.465	8.39677951842e-09	0.0	-2.0	0.0	-0.000700891388988	0.262394733027
341144379.102	303438.465	9.07591517847e-08	2.32540355823e-08	-2.0	0.0	48.4742205518	35.4600029252
341751256.033	303438.4655	4.35948556186e-08	0.0	-2.0	0.0	1.93373799078	8.26030074508
342358132.963	303438.465	3.75282917387e-08	0.0	-2.0	0.0	4.77322825543	7.35238472428
342965009.893	303438.465	3.88532134155e-08	0.0	-2.0	0.0	4.60821900782	7.34227915449
343571886.823	303438.465	4.46839967923e-09	0.0	-2.0	0.0	-0.00023651481024	0.000481667999481
344178763.753	303438.4655	7.6777952501e-09	0.0	-2.0	0.0	-0.000438598410256	0.00548251101219
344785640.684	303438.465	1.69186140221e-08	0.0	-2.0	0.0	0.410968565906	2.82789482519
345392517.614	303438.465	5.40357644187e-08	0.0	-2.0	0.0	5.52212304699	12.0715793086
345999394.544	303438.4655	1.74848232591e-08	0.0	-2.0	0.0	1.06912662164	2.56443870765
346606271.475	303438.465	6.1610665919e-08	0.0	-2.0	0.0	3.59492344863	13.2080099234
347213148.405	303438.465	5.95737108944e-08	0.0	-2.0	0.0	4.32214580621	13.2567391059
347820025.335	303438.465	5.21010233398e-09	0.0	-2.0	0.0	-0.000132133445732	0.000498919040276
348426902.266	303438.4655	9.77048793059e-09	0.0	-2.0	0.0	0.00668963038697	0.626447205117
349033779.196	303438.465	6.85320724082e-08	0.0	-2.0	0.0	6.53595402513	15.6956534551
349640656.126	303438.465	5.03364314905e-09	0.0	-2.0	0.0	-0.000209694408113	0.000495500059135
350247533.057	303438.4655	4.50156126264e-08	0.0	-2.0	0.0	4.90126393439	8.94977285097
350854409.987	303438.465	3.10079807123e-08	1.49837668524e-08	-2.0	0.0	12.040294322	13.7461580743
351461286.917	303438.465	3.75182839431e-08	1.66493558063e-08	-2.0	0.0	10.3214622885	17.6476851944
352068163.848	303438.4655	3.0496707227e-08	1.47308003264e-08	-2.0	0.0	13.5305681793	14.0864443871
352675040.778	303438.465	5.48735806309e-08	0.0	-2.0	0.0	6.15073409126	11.3175994386
353281917.708	303438.465	2.80856760634e-08	1.47975985717e-08	-2.0	0.0	9.07811658437	12.9394378692
353888794.638	303438.465	3.55547961586e-08	0.0	-2.0	0.0	2.18755785008	6.31224535444
354495671.568	303438.4655	2.54135991043e-08	0.0	-2.0	0.0	0.935574946983	4.67686186098
355102548.499	303438.465	2.14825369182e-08	0.0	-2.0	0.0	0.571578947069	3.05698719515
355709425.429	303438.465	8.64174095355e-08	0.0	-2.0	0.0	8.34584941626	18.2161954249
356316302.359	303438.4655	5.76283327457e-09	0.0	-2.0	0.0	-0.000160801075253	0.000469117290689
356923179.29	303438.465	8.92139412211e-09	0.0	-2.0	0.0	-0.000716623009794	0.0324091872944
357530056.22	303438.465	4.18755509363e-08	0.0	-2.0	0.0	2.22661824842	7.47533871986
358136933.15	303438.465	2.9245070478e-08	0.0	-2.0	0.0	1.6752440107	4.86993864091
358743810.081	303438.4655	1.17913298726e-07	2.67169417668e-08	-2.0	0.0	39.8907463589	52.2219310418
359350687.011	303438.465	3.72697285383e-08	0.0	-2.0	0.0	2.8336246284	7.61406951274
359957563.941	303438.465	6.80699778562e-08	0.0	-2.0	0.0	6.50849532304	14.1798868409
360564440.872	303438.4655	6.33753524622e-09	0.0	-2.0	0.0	-0.000376772335585	0.00147806960732
361171317.802	303438.465	1.74811124484e-08	0.0	-2.0	0.0	0.15982884026	2.25595398093
361778194.732	303438.465	5.5181858187e-08	0.0	-2.0	0.0	5.49370987802	10.2295843789
362385071.662	303438.465	5.06067374263e-08	2.16171997594e-08	-2.0	0.0	14.4458250977	21.2880437005
362991948.592	303438.4655	3.82215805453e-08	0.0	-2.0	0.0	2.40648079904	5.39287992705
363598825.523	303438.465	4.15693399542e-08	1.82917291922e-08	-2.0	0.0	17.4065078012	16.1600807793
364205702.453	303438.465	4.72603188529e-08	0.0	-2.0	0.0	1.80195373151	9.33128519936
364812579.383	303438.4655	7.02901415775e-08	0.0	-2.0	0.0	7.65652453721	15.271807199
365419456.314	303438.465	3.51258979087e-08	1.67247991533e-08	-2.0	0.0	10.5053452543	16.5113388527
366026333.244	303438.465	3.92749869338e-08	0.0	-2.0	0.0	3.6046817628	7.24827067461
366633210.174	303438.465	4.66251676076e-08	0.0	-2.0	0.0	5.12414577493	8.12428437429
367240087.104	303438.4655	1.53878400554e-08	0.0	-2.0	0.0	0.109203819524	1.43636953753
367846964.035	303438.465	2.09836921978e-08	0.0	-2.0	0.0	1.29084139069	3.28359147229
368453840.965	303438.465	4.24902353245e-09	0.0	-2.0	0.0	-0.00030191327096	0.000509956403359
369060717.896	303438.4655	3.012214382e-08	0.0	-2.0	0.0	1.59399344438	5.54870255927
369667594.826	303438.465	3.68195268138e-08	0.0	-2.0	0.0	2.49144914983	7.44790448466
370274471.756	303438.465	7.48936889625e-08	0.0	-2.0	0.0	3.82848426763	11.8760964548
370881348.686	303438.465	7.82963096287e-08	3.15098592226e-08	-2.0	0.0	9.96392228435	24.1583266353
371488225.617	303438.4655	1.27050917825e-07	2.66376338767e-08	-2.0	0.0	87.3161327868	51.2855553256
372095102.547	303438.465	3.47965908546e-08	1.75350100196e-08	-2.0	0.0	9.47603414354	14.965523572
372701979.477	303438.465	9.05419746998e-08	0.0	-2.0	0.0	8.62210182934	20.2495859968
373308856.408	303438.4655	1.29622527013e-07	2.67907530133e-08	-2.0	0.0	81.5529704595	58.2342494049
373915733.338	303438.465	6.73479648381e-08	2.04424096256e-08	-2.0	0.0	38.7564869191	29.2975246443
374522610.268	303438.465	4.1140888492e-08	1.69875824253e-08	-2.0	0.0	14.4687280204	18.2036678975
375129487.198	303438.465	1.15845173779e-07	2.391976431e-08	-2.0	0.0	106.49556089	49.9535735768
375736364.128	303438.4655	8.35563290381e-08	2.26235801915e-08	-2.0	0.0	41.0058388458	39.5916046799
376343241.059	303438.465	1.69620909543e-07	2.76098181068e-08	-2.0	0.0	141.474221689	82.3145194316
376950117.989	303438.465	1.26583864498e-07	2.53692136459e-08	-2.0	0.0	77.4160611431	63.2827380437
377556994.919	303438.4655	3.84304895904e-08	0.0	-2.0	0.0	1.16023898972	7.1187129992
378163871.85	303438.465	6.86291800933e-08	1.93084850558e-08	-2.0	0.0	40.4197346986	30.5610701277
378770748.78	303438.465	3.74102521221e-08	1.67590606834e-08	-2.0	0.0	12.3782156428	17.2592707858
379377625.71	303438.465	6.840356202e-08	2.02375004466e-08	-2.0	0.0	29.3979067172	34.083325509
379984502.641	303438.4655	4.76389178153e-08	1.75823155003e-08	-2.0	0.0	19.8851666519	23.3080162441
380591379.571	303438.465	6.29945213849e-08	0.0	-2.0	0.0	6.53458880975	13.8414389504
381198256.501	303438.465	3.85101746702e-08	1.75923988081e-08	-2.0	0.0	12.0993104793	17.6619538908
381805133.432	303438.4655	3.00782121966e-08	1.55954981989e-08	-2.0	0.0	10.4259045504	13.2076165559
382412010.362	303438.465	5.45012431633e-08	1.89297531101e-08	-2.0	0.0	23.47805686	23.7708064922
383018887.292	303438.465	4.13699677922e-08	1.69522475172e-08	-2.0	0.0	14.5792659544	18.093173663
383625764.223	303438.4655	3.94513463851e-08	0.0	-2.0	0.0	7.92558713527	8.21886112304
384232641.153	303438.465	2.79628142302e-08	0.0	-2.0	0.0	1.66382127532	3.81048061737
384839518.083	303438.465	5.13288014608e-08	0.0	-2.0	0.0	2.8134206754	9.58109096477
385446395.013	303438.465	6.99778664961e-09	0.0	-2.0	0.0	-9.50183348323e-05	0.000444061466967
386053271.943	303438.4655	1.65431352312e-08	0.0	-2.0	0.0	0.49898138535	1.99503585133
386660148.874	303438.465	3.09198746385e-08	0.0	-2.0	0.0	1.61734922933	5.86273154602
387267025.804	303438.465	6.17714187828e-09	0.0	-2.0	0.0	-0.000160575153132	0.000701581299374
387873902.734	303438.4655	1.83208737023e-08	0.0	-2.0	0.0	1.27814654428	3.52642750794
388480779.665	303438.465	2.62822114103e-08	0.0	-2.0	0.0	0.68667653267	4.68156714914
389087656.595	303438.465	5.56755452549e-08	0.0	-2.0	0.0	2.69970123907	10.3189091906
389694533.525	303438.465	5.36027626653e-09	0.0	-2.0	0.0	-0.000191043000086	0.000405710706434
390301410.456	303438.4655	2.11359157242e-08	0.0	-2.0	0.0	0.552488073354	4.66566323951
390908287.386	303438.465	3.92887811135e-08	0.0	-2.0	0.0	8.84199439263	9.34908187012
391515164.316	303438.465	4.76238817032e-08	1.76749595238e-08	-2.0	0.0	18.5021957614	23.2584743469
392122041.247	303438.4655	5.08168044745e-08	1.94445214236e-08	-2.0	0.0	16.2401522882	21.9263420337
392728918.177	303438.465	4.80110545132e-08	1.86715335994e-08	-2.0	0.0	14.9940505413	22.6875442633
393335795.107	303438.465	7.27144943297e-08	2.07372613684e-08	-2.0	0.0	36.5400700429	35.5495649709
393942672.037	303438.465	5.95660728222e-08	2.05073387961e-08	-2.0	0.0	17.7889304194	29.3773321406
394549548.967	303438.4655	5.08937504991e-08	2.26114650983e-08	-2.0	0.0	14.7989116746	19.8417100518
395156425.898	303438.465	7.28572397522e-08	2.51622836602e-08	-2.0	0.0	17.6085743516	28.9307110019
395763302.828	303438.465	4.65301179557e-08	0.0	-2.0	0.0	4.11780433145	9.41722982781
396370179.758	303438.4655	5.23867976675e-08	1.86733103442e-08	-2.0	0.0	25.5077934416	24.9118017208
396977056.689	303438.465	4.07361276093e-08	1.71529290611e-08	-2.0	0.0	14.3817852842	18.1079459673
397583933.619	303438.465	5.30719993011e-08	2.10756606549e-08	-2.0	0.0	11.688439096	23.7127052489
398190810.549	303438.465	2.95653658957e-08	0.0	-2.0	0.0	0.914300065007	4.2074664163
398797687.479	303438.4655	2.40289673153e-08	0.0	-2.0	0.0	0.24298036095	2.17429938123
399404564.41	303438.465	6.47584417872e-08	2.4900055672e-08	-2.0	0.0	14.8275096691	23.9872635962
400011441.34	303438.465	2.45075277333e-08	1.54156544152e-08	-2.0	0.0	10.3045973797	10.2103117377
400618318.271	303438.4655	5.63572552158e-08	1.93400361109e-08	-2.0	0.0	22.5035248101	26.121319642
401225195.201	303438.465	5.67866562897e-08	0.0	-2.0	0.0	8.34452594542	11.0384813451
401832072.131	303438.465	3.59663697512e-08	1.67416027827e-08	-2.0	0.0	9.72224163139	16.684665711
402438949.061	303438.465	5.08229393703e-08	2.04231388652e-08	-2.0	0.0	11.7687475408	22.7410135808
403045825.992	303438.4655	7.44774579564e-08	2.57235549758e-08	-2.0	0.0	20.1999860573	30.6000643439
403652702.922	303438.465	4.46949813901e-08	0.0	-2.0	0.0	3.51670006484	6.92224833304
404259579.852	303438.465	5.37076103812e-09	0.0	-2.0	0.0	-0.000220855094085	0.000433843727362
404866456.783	303438.4655	2.21552758149e-08	0.0	-2.0	0.0	2.99999959185	4.75411707293
405473333.713	303438.465	3.07005562562e-08	1.48215237759e-08	-2.0	0.0	10.2962682078	15.251764734
406080210.643	303438.465	3.34354010466e-08	0.0	-2.0	0.0	3.89893140045	5.71000534478
406687087.573	303438.465	6.18120787871e-08	0.0	-2.0	0.0	7.9660028523	13.0116039866
407293964.503	303438.4655	1.28611613849e-08	0.0	-2.0	0.0	0.0324386816756	1.14255537845
407900841.434	303438.465	6.66728075757e-09	0.0	-2.0	0.0	-7.89037148934e-05	0.000374409733321
408507718.364	303438.465	4.67633061872e-08	0.0	-2.0	0.0	0.741144986705	4.37488039075
409114595.294	303438.4655	2.94570578994e-08	0.0	-2.0	0.0	0.05708231885	1.41143409422
409721472.225	303438.465	5.95516880287e-08	0.0	-2.0	0.0	2.03297258548	8.5339448884
410328349.155	303438.465	6.93384823229e-08	2.50235439827e-08	-2.0	0.0	26.7113405723	19.2510114959
410935226.085	303438.465	4.91608695488e-08	2.12627345619e-08	-2.0	0.0	9.04201129486	22.8870856447
411542103.016	303438.4655	4.96223759808e-08	1.63679269588e-08	-2.0	0.0	23.9701466249	36.1386424217
412148979.946	303438.465	7.55241238184e-08	1.96623728596e-08	-2.0	0.0	36.0581499424	42.9965397214
412755856.876	303438.465	3.58409086059e-08	1.62855294747e-08	-2.0	0.0	11.4202833468	20.7451482017
413362733.807	303438.4655	3.19068248184e-08	0.0	-2.0	0.0	0.586322206032	4.82473583857
413969610.737	303438.465	7.73066317298e-08	0.0	-2.0	0.0	8.82169944374	11.0493906249
414576487.667	303438.465	7.41920844239e-08	2.60675023115e-08	-2.0	0.0	24.4511628612	22.43774381
415183364.598	303438.4655	1.02779377225e-07	0.0	-2.0	0.0	3.41826595254	8.20452931364
415790241.528	303438.465	1.05916399658e-07	2.13525419321e-08	-2.0	0.0	67.1056796613	64.3198421273
416397118.458	303438.465	7.10296769732e-08	2.18066527064e-08	-2.0	0.0	27.1297883884	35.5486784181
417003995.388	303438.465	6.39272419203e-08	2.74244220804e-08	-2.0	0.0	10.7738003419	21.3615459467
417610872.318	303438.4655	1.88176374482e-07	4.1636092489e-08	-2.0	0.0	77.6001493967	52.4634847134
418217749.249	303438.465	1.79627411576e-07	2.39813674176e-08	-2.0	0.0	195.90217048	124.812545183
418824626.179	303438.465	3.102865275e-07	3.97414628458e-08	-2.0	0.0	278.086097675	104.121859583
419431503.109	303438.4655	3.18169860517e-07	4.48226296953e-08	-2.0	0.0	216.362420482	88.0661658609
420038380.04	303438.465	3.89223587447e-07	4.08442337576e-08	-2.0	0.0	337.178161071	155.139669794
420645256.97	303438.465	2.3830671002e-07	3.20380409161e-08	-2.0	0.0	224.754553103	109.572356573
421252133.9	303438.465	1.58501293102e-07	3.2467244165e-08	-2.0	0.0	76.2856929134	69.0117907098
421859010.831	303438.4655	1.5259725024e-07	3.09302486638e-08	-2.0	0.0	62.8373105811	63.3952356919
422465887.761	303438.465	1.13101675912e-07	2.96796219016e-08	-2.0	0.0	33.4576612468	47.5541218788
423072764.691	303438.465	9.8188509299e-08	2.76727059143e-08	-2.0	0.0	37.3007734678	35.2874898622
423679641.622	303438.4655	1.29454498416e-07	4.35745151277e-08	-2.0	0.0	25.3705774015	21.6202984277
424286518.552	303438.465	1.10949034421e-07	5.99771996541e-08	-2.0	0.0	11.4070213702	7.18058555371
424893395.482	303438.465	7.29076473358e-08	2.66800470932e-08	-2.0	0.0	19.5161930261	24.6468597898
425500272.412	303438.465	1.16733792877e-07	3.28254009933e-08	-2.0	0.0	33.7407274621	36.9768581972
426107149.342	303438.4655	1.0305948577e-07	2.54153346384e-08	-2.0	0.0	47.7439478635	43.2342639432
426714026.273	303438.465	7.7795831194e-08	2.72468232141e-08	-2.0	0.0	19.0364585015	26.2105917334
427320903.203	303438.465	1.40420862661e-07	0.0	-2.0	0.0	7.02917130325	19.8812176734
427927780.133	303438.4655	1.20542532378e-07	3.0440009463e-08	-2.0	0.0	44.5851483293	40.3468555541
428534657.064	303438.465	1.595392488e-07	3.49308924963e-08	-2.0	0.0	75.887932771	43.9190604596
429141533.994	303438.465	4.89959507003e-08	1.86593584163e-08	-2.0	0.0	19.0263339925	19.1010822773
429748410.924	303438.465	5.48224000716e-08	1.58719818996e-08	-2.0	0.0	35.9079014309	38.4625547875
430355287.854	303438.4655	8.24457330152e-08	2.56606883366e-08	-2.0	0.0	29.4599235853	32.4914852242
430962164.785	303438.465	8.48698285305e-09	0.0	-2.0	0.0	-0.000975817387371	0.00265019749591
431569041.715	303438.465	6.95403408087e-08	0.0	-2.0	0.0	5.5430027678	9.1469395073
432175918.646	303438.4655	1.02412652677e-07	2.90947017757e-08	-2.0	0.0	29.6075306905	31.9822184643
432782795.576	303438.465	5.92443329092e-08	2.4512286497e-08	-2.0	0.0	18.4052361501	19.0147397638
433389672.506	303438.465	3.85306520488e-08	0.0	-2.0	0.0	1.87066859592	4.15136740187
433996549.436	303438.465	3.44468630226e-08	1.41577453063e-08	-2.0	0.0	16.1928531023	18.6902466622
434603426.367	303438.4655	6.07785109996e-08	1.73270413385e-08	-2.0	0.0	25.5571372805	42.5131558346
435210303.297	303438.465	9.16420919323e-08	0.0	-2.0	0.0	6.8199945694	17.0242380702
435817180.227	303438.465	6.06049330827e-08	0.0	-2.0	0.0	7.65387739661	6.96019098808
436424057.158	303438.4655	4.20616074722e-08	0.0	-2.0	0.0	0.775058279267	4.81706325379
437030934.088	303438.465	6.53129450687e-08	0.0	-2.0	0.0	3.46920862435	9.45691789903
437637811.018	303438.465	3.09769249906e-08	0.0	-2.0	0.0	2.1096159485	3.58343844487
438244687.948	303438.465	3.41383521158e-08	1.88319529869e-08	-2.0	0.0	9.42766815262	11.3450471608
438851564.878	303438.4655	3.1256858496e-08	1.30163525738e-08	-2.0	0.0	13.1524413713	20.5448943018
439458441.809	303438.465	3.54026096291e-08	0.0	-2.0	0.0	1.31180037816	7.91308020219
440065318.739	303438.465	5.8307514069e-08	0.0	-2.0	0.0	5.05687321737	12.8441881778
440672195.669	303438.4655	5.11858558432e-08	0.0	-2.0	0.0	2.41338728833	11.6584977367
441279072.6	303438.465	4.52846675757e-08	0.0	-2.0	0.0	2.3753813285	10.3118102354
441885949.53	303438.465	5.7484072736e-08	2.00387790981e-08	-2.0	0.0	17.8213313924	28.6676139397
442492826.46	303438.465	8.23347613068e-08	2.22331222746e-08	-2.0	0.0	43.0424829714	36.1422734883
443099703.391	303438.4655	5.08333891626e-08	1.69289129384e-08	-2.0	0.0	22.4967406181	24.1274224571
443706580.321	303438.465	5.22948793265e-08	0.0	-2.0	0.0	4.14279732499	12.2074742161
444313457.251	303438.465	6.52733218678e-08	0.0	-2.0	0.0	5.85396907238	12.533091738
444920334.182	303438.4655	7.62035436584e-08	0.0	-2.0	0.0	8.14738294733	17.2119549373
445527211.112	303438.465	4.99038060146e-08	2.16265493344e-08	-2.0	0.0	11.2178214703	22.0445041732
446134088.042	303438.465	7.70365400034e-08	0.0	-2.0	0.0	8.02245412408	16.2725965199
446740964.973	303438.4655	7.04725907366e-08	0.0	-2.0	0.0	7.72307128729	14.4607703991
447347841.903	303438.465	4.31848827867e-08	1.76338880588e-08	-2.0	0.0	19.0927384057	18.1781441616
447954718.833	303438.465	3.2161599174e-08	1.51243518845e-08	-2.0	0.0	10.814269389	14.8099600542
448561595.763	303438.465	8.84938863042e-08	2.91797773182e-08	-2.0	0.0	30.3960311594	22.6670247612
449168472.693	303438.4655	5.40697491864e-08	2.62318942848e-08	-2.0	0.0	10.159731368	15.0994391133
449775349.624	303438.465	9.30138654918e-08	2.90278270298e-08	-2.0	0.0	28.2803597763	30.4052892399
450382226.554	303438.465	6.55738505704e-08	2.10303504309e-08	-2.0	0.0	30.5384831518	28.0715390257
450989103.484	303438.4655	4.37655294639e-08	1.67984855808e-08	-2.0	0.0	19.4267155957	20.8315441287
451595980.415	303438.465	4.65632373212e-08	1.92093650946e-08	-2.0	0.0	13.3485709965	20.7053692159
452202857.345	303438.465	3.24579038451e-08	1.46643693001e-08	-2.0	0.0	16.1619118784	14.9942159355
452809734.275	303438.465	5.93408961166e-08	2.07650916352e-08	-2.0	0.0	24.3350801749	27.6153073829
453416611.206	303438.4655	3.74393915895e-08	1.77942260865e-08	-2.0	0.0	10.1413765377	15.8537351953
454023488.136	303438.465	6.22153015421e-08	2.36563053156e-08	-2.0	0.0	13.9056781964	25.4388232631
454630365.066	303438.465	5.35992186193e-08	0.0	-2.0	0.0	4.43801272975	10.2342943476
455237241.997	303438.4655	3.02067125858e-08	0.0	-2.0	0.0	0.612060447747	5.63126456715
455844118.927	303438.465	5.19453940455e-08	1.73416917906e-08	-2.0	0.0	31.6994970418	25.281913708
456450995.857	303438.465	1.79329671917e-08	0.0	-2.0	0.0	2.06533023678	4.02284243992
457057872.787	303438.465	5.97710335598e-08	0.0	-2.0	0.0	4.8719194027	13.1666933826
457664749.717	303438.4655	1.20598400093e-08	0.0	-2.0	0.0	0.0283478705096	0.855278954506
458271626.648	303438.465	6.90341986736e-08	0.0	-2.0	0.0	5.08307112077	12.8840777084
458878503.578	303438.465	3.84781771349e-08	1.75371535764e-08	-2.0	0.0	11.7757025398	15.9881487971
459485380.508	303438.4655	4.64505013781e-08	1.92989235101e-08	-2.0	0.0	12.8184062622	20.1631434277
460092257.439	303438.465	4.37223234376e-08	0.0	-2.0	0.0	2.71464158093	9.4078172625
460699134.369	303438.465	7.84673760891e-08	2.06248258061e-08	-2.0	0.0	46.8243260848	35.1790460092
461306011.299	303438.465	4.43830313068e-08	0.0	-2.0	0.0	4.19857867872	9.24453899534
461912888.229	303438.4655	4.13356763153e-08	0.0	-2.0	0.0	8.45889414782	8.15654150624
462519765.16	303438.465	5.24075175001e-09	0.0	-2.0	0.0	-0.000166724981682	0.0004277569927
463126642.09	303438.465	6.03351528377e-08	0.0	-2.0	0.0	5.76336234621	11.4797751735
463733519.021	303438.4655	7.32542088688e-08	2.34970326346e-08	-2.0	0.0	20.9271031201	30.9665492775
464340395.951	303438.465	2.39519971669e-08	0.0	-2.0	0.0	0.803748711998	3.97665261031
464947272.881	303438.465	1.7896622665e-08	0.0	-2.0	0.0	2.21733970693	2.79832929763
465554149.811	303438.465	6.60813950857e-09	0.0	-2.0	0.0	-0.000480089398479	0.00149868902942
466161026.742	303438.4655	3.02831114009e-08	0.0	-2.0	0.0	1.73258973236	5.93276030627
466767903.672	303438.465	5.89830561642e-08	0.0	-2.0	0.0	3.8400866029	11.9237383809
467374780.602	303438.465	7.84764804876e-09	0.0	-2.0	0.0	-0.00397426575364	0.165493955794
467981657.533	303438.4655	7.81539307739e-09	0.0	-2.0	0.0	-0.000680274541082	0.133408742104
468588534.463	303438.465	1.25799902465e-08	0.0	-2.0	0.0	0.0901162339578	1.37774910469
469195411.393	303438.465	5.14782044719e-08	1.82954962393e-08	-2.0	0.0	20.3331193657	25.2980903309
469802288.323	303438.465	3.06194908032e-08	0.0	-2.0	0.0	1.97947697112	5.43569402012
470409165.253	303438.4655	3.80180330203e-08	1.71534564769e-08	-2.0	0.0	13.4102579852	16.9146717795
471016042.184	303438.465	4.78252353588e-08	0.0	-2.0	0.0	4.95963617798	9.80995532148
471622919.114	303438.465	5.17382955238e-08	0.0	-2.0	0.0	2.97561659517	10.1615904544
472229796.044	303438.4655	4.20880520127e-08	1.81314673566e-08	-2.0	0.0	10.5590236719	21.0598010236
472836672.975	303438.465	4.77046631548e-08	2.02458756739e-08	-2.0	0.0	11.2988542141	24.5340753033
473443549.905	303438.465	6.44150215216e-08	1.93308440306e-08	-2.0	0.0	45.7682079273	32.345812764
474050426.835	303438.465	7.51035719677e-08	2.49915352567e-08	-2.0	0.0	27.9476230699	23.8935337911
474657303.766	303438.4655	5.80875982583e-08	2.02864403487e-08	-2.0	0.0	30.859047576	23.0846362315
475264180.696	303438.465	6.27650844886e-08	1.98261188844e-08	-2.0	0.0	28.1588891388	31.0891995128
475871057.626	303438.465	7.03567636103e-08	0.0	-2.0	0.0	6.92014299279	16.6752489924
476477934.557	303438.4655	4.74977342323e-08	1.88686804268e-08	-2.0	0.0	11.5003481868	23.0115938773
477084811.487	303438.465	4.21953473781e-08	0.0	-2.0	0.0	2.44288683088	9.18293886574
477691688.417	303438.465	1.9094192865e-08	0.0	-2.0	0.0	2.54859018714	3.06462169425
478298565.348	303438.4655	1.31893272063e-08	0.0	-2.0	0.0	0.165755009912	1.34908219374
478905442.278	303438.465	2.79094510817e-08	0.0	-2.0	0.0	1.25298886066	4.71219982634
479512319.208	303438.465	3.75309113026e-08	1.61268895751e-08	-2.0	0.0	17.8282641691	16.1569359167
480119196.138	303438.465	7.64729766732e-08	0.0	-2.0	0.0	6.25106533191	16.1500399739
480726073.068	303438.4655	7.0961768018e-08	0.0	-2.0	0.0	5.4963010225	13.9983158252
481332949.999	303438.465	6.44348453335e-09	0.0	-2.0	0.0	-0.000112422872917	0.00041910982286
481939826.929	303438.465	5.00969361168e-09	0.0	-2.0	0.0	-0.000211216760363	0.000427238334693
482546703.859	303438.4655	4.46727868769e-08	1.93452917869e-08	-2.0	0.0	13.4009673442	19.9134096241
483153580.79	303438.465	3.76963015738e-08	0.0	-2.0	0.0	6.68322268738	7.48416282668
483760457.72	303438.465	4.24521275875e-08	1.83098102224e-08	-2.0	0.0	15.732578138	18.6925426864
484367334.65	303438.465	3.1520265369e-08	1.59398172181e-08	-2.0	0.0	13.6084022997	14.795706896
484974211.581	303438.4655	4.10569391573e-08	0.0	-2.0	0.0	2.72623374751	7.73140534653
485581088.511	303438.465	4.09530792284e-08	0.0	-2.0	0.0	6.04019025164	6.80056417344
486187965.441	303438.465	4.71291676643e-08	2.12378401581e-08	-2.0	0.0	15.0066457612	19.975235514
486794842.372	303438.4655	2.50135956908e-08	0.0	-2.0	0.0	0.793897990981	3.97626964586
487401719.302	303438.465	5.5062226612e-08	0.0	-2.0	0.0	6.70266722787	11.8314519624
488008596.232	303438.465	6.42187553564e-08	0.0	-2.0	0.0	2.03383951441	7.68449316657
488615473.162	303438.465	1.35599831734e-08	0.0	-2.0	0.0	0.0506083958935	0.792446981567
489222350.092	303438.4655	5.01839117521e-09	0.0	-2.0	0.0	-0.000197032553842	0.00048996639896
489829227.023	303438.465	2.33663885481e-08	0.0	-2.0	0.0	0.455638533822	3.42493675232
490436103.953	303438.465	1.12489888143e-08	0.0	-2.0	0.0	0.00375089077352	0.333715134378
491042980.883	303438.4655	3.07889443862e-08	0.0	-2.0	0.0	1.55908810853	4.20934230704
491649857.814	303438.465	6.76079493796e-08	2.28559196735e-08	-2.0	0.0	25.2014248976	22.6124469253
492256734.744	303438.465	9.65635938809e-08	0.0	-2.0	0.0	1.94165753664	5.28997430684
492863611.674	303438.465	3.4825854069e-08	0.0	-2.0	0.0	1.85910923866	6.37809309864
493470488.604	303438.4655	3.30301399765e-08	0.0	-2.0	0.0	1.83846559545	6.53925822679
494077365.535	303438.465	2.16229929503e-08	0.0	-2.0	0.0	0.448634744549	3.41988597247
