242222401.004	302400.004	1.04285098988e-07	2.28243878028e-08	-2.0	0.0	74.4459333786	64.8734704279
242827201.012	302400.004	1.09370947191e-07	2.43516775714e-08	-2.0	0.0	104.72096905	61.7680057867
243432001.02	302400.004	1.26868062609e-07	3.26419875524e-08	-2.0	0.0	67.7606961639	53.6319068377
244036801.028	302400.0045	1.13975749085e-07	3.14848748299e-08	-2.0	0.0	51.4263477154	42.482747584
244641601.037	302400.004	1.54087259042e-07	3.10467402147e-08	-2.0	0.0	101.11817651	65.2800111317
245246401.045	302400.004	1.15556141743e-07	2.36035563734e-08	-2.0	0.0	120.850532897	65.5015164565
245851201.053	302400.004	1.53335653987e-07	2.6111567346e-08	-2.0	0.0	165.589669702	95.0428630958
246456001.061	302400.004	1.15224079347e-07	2.28077376524e-08	-2.0	0.0	97.3780150066	70.6751783505
247060801.069	302400.004	1.15447913923e-07	2.40320861189e-08	-2.0	0.0	104.203802516	70.6403392429
247665601.077	302400.004	1.77781595462e-07	2.96971692889e-08	-2.0	0.0	163.409822202	91.0555798951
248270401.085	302400.004	2.0061523844e-07	3.60939072548e-08	-2.0	0.0	165.226839023	80.3822441639
248875201.093	302400.0045	9.84575993958e-08	2.99235984386e-08	-2.0	0.0	44.5824464455	35.9558931106
249480001.102	302400.004	1.48977004928e-07	2.96010514093e-08	-2.0	0.0	93.6274624904	70.4630572344
250084801.11	302400.004	1.27985171386e-07	2.46403792793e-08	-2.0	0.0	138.813059777	75.5173819595
250689601.118	302400.004	1.60682162736e-07	2.61728317242e-08	-2.0	0.0	179.330806463	96.0713764917
251294401.126	302400.004	1.06398504575e-07	2.20556443447e-08	-2.0	0.0	95.0402226408	66.0203899029
251899201.134	302400.004	1.63648883154e-07	2.68496002451e-08	-2.0	0.0	153.857136777	93.8416878525
252504001.142	302400.004	1.04004153929e-07	2.5330788961e-08	-2.0	0.0	60.0565273546	49.2478595608
253108801.15	302400.004	9.52275901461e-08	2.8034024838e-08	-2.0	0.0	47.5872388651	35.2804785504
253713601.159	302400.0045	8.40881379713e-08	2.52392415e-08	-2.0	0.0	50.9348025942	33.8958940108
254318401.167	302400.004	8.1546485264e-08	2.02694971405e-08	-2.0	0.0	67.6657184333	43.0423379573
254923201.175	302400.004	6.76634332555e-08	2.01023093575e-08	-2.0	0.0	36.3066092502	40.3408751789
255528001.183	302400.004	9.68139854465e-08	2.61272553197e-08	-2.0	0.0	46.3665610109	54.7469428908
256132801.191	302400.004	9.86502841728e-08	2.20397961956e-08	-2.0	0.0	115.12806815	60.0639433021
256737601.199	302400.004	7.6195568958e-08	1.99087798882e-08	-2.0	0.0	73.269734936	42.1832563767
257342401.207	302400.004	9.08414091838e-08	2.77730315333e-08	-2.0	0.0	33.6953746068	37.543623992
257947201.215	302400.0045	1.08861819134e-07	2.88725787615e-08	-2.0	0.0	57.9247954035	40.5775230528
258552001.224	302400.004	9.27888569244e-08	4.60763347856e-08	-2.0	0.0	12.8343551628	11.3962735557
259156801.232	302400.004	3.62772296284e-08	1.65496582394e-08	-2.0	0.0	15.8291545876	20.4727223695
259761601.24	302400.004	8.20563319306e-08	2.1533150717e-08	-2.0	0.0	53.86684945	47.1654106668
260366401.248	302400.004	1.0768696279e-07	2.31189178115e-08	-2.0	0.0	91.8500268314	65.3508025856
260971201.256	302400.004	8.61239657326e-08	2.29532496021e-08	-2.0	0.0	44.9513140206	51.1666928516
261576001.264	302400.004	3.7017744817e-08	1.8097357793e-08	-2.0	0.0	11.9493540923	18.2162100455
262180801.272	302400.004	3.06186120684e-08	1.70164819918e-08	-2.0	0.0	17.0296534405	11.948911522
262785601.28	302400.0045	7.74338961377e-08	2.60339841391e-08	-2.0	0.0	29.9341948732	27.0965528989
263390401.289	302400.004	7.06732288039e-08	2.35201031685e-08	-2.0	0.0	29.2070465414	29.6313063516
263995201.297	302400.004	1.03541304909e-07	2.53432062397e-08	-2.0	0.0	80.8195965099	55.6778293684
264600001.305	302400.004	6.93470623791e-08	2.01334431519e-08	-2.0	0.0	52.460311329	41.6356658928
265204801.313	302400.004	9.95293344096e-08	2.19260095367e-08	-2.0	0.0	76.3831947376	61.7417731156
265809601.321	302400.004	8.25959302628e-08	2.15413061678e-08	-2.0	0.0	68.7120168151	47.9891190589
266414401.329	302400.004	7.41203846212e-08	2.38769751296e-08	-2.0	0.0	41.6287627202	33.8806420956
267019201.337	302400.004	1.22215009294e-07	2.95180804701e-08	-2.0	0.0	81.3688228165	44.987164812
267624001.345	302400.0045	4.58816710091e-08	2.20471743007e-08	-2.0	0.0	10.112388354	18.162370007
268228801.354	302400.004	7.5775353331e-08	2.14467106902e-08	-2.0	0.0	51.0480245561	41.7870371452
268833601.362	302400.004	7.30050950775e-08	2.01052715472e-08	-2.0	0.0	64.9665870108	44.8459677176
269438401.37	302400.004	9.69862160524e-08	2.21216564016e-08	-2.0	0.0	86.3119885853	57.1158250319
270043201.378	302400.004	9.5297118168e-08	2.34511266678e-08	-2.0	0.0	69.2542135415	53.0926798496
270648001.386	302400.004	4.42359784343e-08	1.82818803885e-08	-2.0	0.0	21.3826900328	22.7262124988
271252801.394	302400.004	5.87073298927e-08	2.08577327246e-08	-2.0	0.0	26.1775819113	23.9054086535
271857601.403	302400.0045	7.26988992984e-08	2.52547022917e-08	-2.0	0.0	30.0011853563	27.5698664773
272462401.411	302400.004	9.83688081008e-08	2.64227158792e-08	-2.0	0.0	50.3375651027	43.1042615714
273067201.419	302400.004	7.88534896421e-08	2.24455473072e-08	-2.0	0.0	54.8390454916	42.9578418614
273672001.427	302400.004	9.45148904985e-08	2.59178101079e-08	-2.0	0.0	44.7057178922	50.5873545663
274276801.435	302400.004	1.29950915441e-07	2.89909009419e-08	-2.0	0.0	66.0583556314	60.1939264186
274881601.443	302400.004	1.00481365496e-07	2.67073366175e-08	-2.0	0.0	46.5762304409	44.467931014
275486401.451	302400.004	8.3451478603e-08	2.96434921068e-08	-2.0	0.0	27.5193696431	28.8870377669
276091201.459	302400.004	5.13899223161e-08	2.44895540093e-08	-2.0	0.0	13.9984001787	19.5218759317
276696001.467	302400.0045	5.98094650797e-08	2.56273228291e-08	-2.0	0.0	17.7169516627	22.5405888985
277300801.476	302400.004	1.22288119663e-07	3.01241696791e-08	-2.0	0.0	55.9081026723	47.6251600116
277905601.484	302400.004	1.10407422201e-07	2.81803982072e-08	-2.0	0.0	52.0543227611	44.785691063
278510401.492	302400.004	1.2822333428e-07	3.07784656557e-08	-2.0	0.0	65.0138242222	56.0574836276
279115201.5	302400.004	4.43904239669e-08	2.04917461134e-08	-2.0	0.0	18.1537918635	17.769911919
279720001.508	302400.004	8.88869293835e-08	0.0	-2.0	0.0	8.21547024595	15.78894904
280324801.516	302400.004	8.6926762396e-08	1.41180269727e-08	-2.0	0.0	57.9542362892	32.509314597
280929601.524	302400.004	9.96174231975e-08	2.76104421802e-08	-2.0	0.0	41.9730166778	36.3180165455
281534401.533	302400.0045	1.00264797936e-07	2.86644817642e-08	-2.0	0.0	36.4421665765	37.1996939517
282139201.541	302400.004	7.1611781331e-08	2.69665168585e-08	-2.0	0.0	34.4072481379	25.5447346981
282744001.549	302400.004	7.36247996101e-08	2.60728457443e-08	-2.0	0.0	22.1041589763	31.8788441744
283348801.557	302400.004	7.1412060542e-08	2.47598571423e-08	-2.0	0.0	39.4082264349	29.8893661096
283953601.565	302400.004	1.01354587414e-07	2.81912127118e-08	-2.0	0.0	49.4435450125	40.5545994123
284558401.573	302400.004	1.43938331045e-07	3.25410806132e-08	-2.0	0.0	76.3787825229	52.2815436335
285163201.581	302400.004	9.53104042032e-08	2.59126630908e-08	-2.0	0.0	46.8417347475	35.887744112
285768001.589	302400.004	3.8442961486e-08	2.00049673425e-08	-2.0	0.0	16.6084556332	14.0342081171
286372801.597	302400.0045	9.56214197834e-08	2.94053884029e-08	-2.0	0.0	42.8024651875	33.6003190316
286977601.606	302400.004	9.37745440936e-08	2.92540652515e-08	-2.0	0.0	39.356897582	35.1962040811
287582401.614	302400.004	8.42209393646e-08	2.51740764614e-08	-2.0	0.0	43.1720620627	34.6428152366
288187201.622	302400.004	1.11097289548e-07	2.86505414499e-08	-2.0	0.0	52.4463808344	46.7031139234
288792001.63	302400.004	1.00688733277e-07	2.71639413076e-08	-2.0	0.0	53.4311701377	38.4790749951
289396801.638	302400.004	8.91509534726e-08	2.59268060005e-08	-2.0	0.0	47.7477945626	32.8105562675
290001601.646	302400.004	1.32588412616e-07	3.15695372557e-08	-2.0	0.0	60.2423470008	49.952303316
290606401.655	302400.0045	1.05929681611e-07	2.71764605366e-08	-2.0	0.0	65.7416778575	38.7783927859
291211201.663	302400.004	1.45596903134e-07	3.7093119688e-08	-2.0	0.0	69.0282524961	53.7869253862
291816001.671	302400.004	1.08087845502e-07	2.64848603997e-08	-2.0	0.0	70.8187027192	42.7713940983
292420801.679	302400.004	1.12532707704e-07	3.2621325669e-08	-2.0	0.0	56.3400431125	35.6182108186
293025601.687	302400.004	1.33462233215e-07	2.30725038093e-08	-2.0	0.0	78.188013517	56.2508215533
293630401.695	302400.004	1.27231297188e-07	3.4312601659e-08	-2.0	0.0	53.438602244	47.7251653843
294235201.703	302400.004	1.44498737522e-07	3.2850252415e-08	-2.0	0.0	70.6690783084	53.2850120176
294840001.711	302400.004	1.25138473131e-07	3.04109691711e-08	-2.0	0.0	71.2406936736	45.6310568078
295444801.719	302400.0045	1.06291978542e-07	2.95015932339e-08	-2.0	0.0	44.6665808222	40.4845598112
296049601.728	302400.004	1.42961496413e-07	3.06757071569e-08	-2.0	0.0	90.9274762582	62.9229407203
296654401.736	302400.004	1.01169534742e-07	2.81155087741e-08	-2.0	0.0	32.6419983898	44.9577413035
297259201.744	302400.004	1.12016762139e-07	2.88850571335e-08	-2.0	0.0	64.295778262	48.1481999477
297864001.752	302400.004	9.97108971947e-08	2.58713103553e-08	-2.0	0.0	70.2776224116	42.9364793683
298468801.76	302400.004	1.31975971839e-07	3.07198232897e-08	-2.0	0.0	75.4056117631	51.5134434914
299073601.768	302400.004	1.08767784829e-07	2.54541339207e-08	-2.0	0.0	76.6803695625	41.4443227517
299678401.776	302400.004	1.19154759514e-07	2.81743233443e-08	-2.0	0.0	61.1019018733	43.6240497294
300283201.785	302400.0045	1.37831488076e-07	3.02389299815e-08	-2.0	0.0	97.2086752884	52.0251542482
300888001.793	302400.004	1.4543225608e-07	2.91461490424e-08	-2.0	0.0	115.292133191	62.8017893722
301492801.801	302400.004	2.37222459201e-07	3.36347527705e-08	-2.0	0.0	171.274340173	115.040268903
302097601.809	302400.004	1.81301063634e-07	3.07846926555e-08	-2.0	0.0	136.027457909	83.3130567028
302702401.817	302400.004	1.79115005818e-07	3.38060925716e-08	-2.0	0.0	93.9972634634	77.0405767658
303307201.825	302400.004	1.23831794335e-07	2.75184225079e-08	-2.0	0.0	76.3154730636	49.3173803389
303912001.833	302400.004	1.14384310268e-07	2.57512166695e-08	-2.0	0.0	83.4362271985	44.9494888419
304516801.842	302400.0045	9.88192828924e-08	2.66788174555e-08	-2.0	0.0	55.2625412288	39.4488747826
305121601.85	302400.004	1.1494060219e-07	2.67171659978e-08	-2.0	0.0	64.7673001894	48.4229730116
305726401.858	302400.004	7.64343803999e-08	2.12294076116e-08	-2.0	0.0	55.2988445294	35.7620338533
306331201.866	302400.004	1.11561203095e-07	1.80314107707e-08	-2.0	0.0	59.4786216717	53.537106079
306936001.874	302400.004	1.05482626417e-07	3.39252598497e-08	-2.0	0.0	41.1091326106	29.176297602
307540801.882	302400.004	1.30592359209e-07	3.05009311709e-08	-2.0	0.0	71.7375181983	45.8026479722
308145601.89	302400.004	1.4969719725e-07	3.1827759469e-08	-2.0	0.0	67.9859144423	55.0434438582
308750401.898	302400.004	1.07897856977e-07	2.86334421252e-08	-2.0	0.0	39.5262907316	37.023749199
309355201.906	302400.0045	1.09628029914e-07	2.69131085002e-08	-2.0	0.0	81.9024567244	39.3559685215
309960001.915	302400.004	1.23818992136e-07	2.88345304577e-08	-2.0	0.0	80.3254603186	49.3254714239
310564801.923	302400.004	1.43337847407e-07	3.05310578045e-08	-2.0	0.0	82.8449482621	60.3674788803
311169601.931	302400.004	5.17965978759e-08	2.02496432463e-08	-2.0	0.0	24.8358214137	21.8838630233
311774401.939	302400.004	9.28270790352e-08	2.77178711106e-08	-2.0	0.0	34.7221509098	36.0008617949
312379201.947	302400.004	8.25086117553e-08	2.75582920666e-08	-2.0	0.0	33.1800173196	29.5977379785
312984001.955	302400.004	9.04217031865e-08	2.57507813182e-08	-2.0	0.0	39.08491744	34.0226157625
313588801.963	302400.004	1.16103059884e-07	3.06532889116e-08	-2.0	0.0	50.4412583035	42.9857524915
314193601.972	302400.0045	8.3071570262e-08	2.39299997915e-08	-2.0	0.0	51.8563712102	30.5788230126
314798401.98	302400.004	6.27335051427e-08	2.56930034004e-08	-2.0	0.0	31.7851543212	24.5545202018
315403201.988	302400.004	7.09758160768e-08	1.98686283825e-08	-2.0	0.0	60.3338521031	36.546907706
316008001.996	302400.004	1.10941085407e-07	2.60609790047e-08	-2.0	0.0	81.7076173304	49.4017648023
316612802.004	302400.004	4.00315295578e-08	2.06714884068e-08	-2.0	0.0	10.7580099777	15.0191689246
317217602.012	302400.004	3.47960479118e-08	1.95303933685e-08	-2.0	0.0	9.75174290807	13.319691012
317822402.02	302400.004	8.4328447998e-08	2.52482631469e-08	-2.0	0.0	44.6277508735	31.6241649676
318427202.028	302400.0045	1.40993931892e-07	3.23377160048e-08	-2.0	0.0	70.7715886168	51.6633969476
319032002.037	302400.004	8.20706929801e-08	2.54454683827e-08	-2.0	0.0	37.1928560553	30.1781894687
319636802.045	302400.004	7.83232810789e-08	2.75192326042e-08	-2.0	0.0	17.6391532595	31.7319895142
320241602.053	302400.004	9.191417963e-08	2.58057829536e-08	-2.0	0.0	49.0988618552	38.2659106554
320846402.061	302400.004	1.10905980049e-07	2.77772862793e-08	-2.0	0.0	48.3293052787	44.7064889913
321451202.069	302400.004	6.66471711843e-08	2.6755756517e-08	-2.0	0.0	22.3466143283	24.1708263693
322056002.077	302400.004	1.11252864215e-07	2.81280809201e-08	-2.0	0.0	59.2808727336	42.6597512189
322660802.085	302400.004	1.00567220948e-07	2.61621923296e-08	-2.0	0.0	75.7140431666	39.2346867912
323265602.094	302400.0045	1.05037927479e-07	2.62932212609e-08	-2.0	0.0	77.655835344	42.7324502384
323870402.102	302400.004	7.42999239103e-08	2.38006698771e-08	-2.0	0.0	37.4831895834	31.5266780107
324475202.11	302400.004	4.7353024707e-08	2.72895496142e-08	-2.0	0.0	18.2189374434	9.83423515778
325080002.118	302400.004	7.69177079955e-08	2.49897341304e-08	-2.0	0.0	35.6446038612	29.4231777737
325684802.126	302400.004	6.77150402208e-08	0.0	-2.0	0.0	7.89969493293	11.9158672605
326289602.134	302400.004	1.07345916384e-07	2.89771372792e-08	-2.0	0.0	50.8749859879	39.1824425315
326894402.142	302400.004	5.53899280225e-08	2.06964539231e-08	-2.0	0.0	29.1608377257	20.3811943323
327499202.15	302400.004	3.73826476099e-08	1.38745686746e-08	-2.0	0.0	17.0894489817	13.7214392146
328104002.158	302400.0045	7.52385576667e-08	2.52820968001e-08	-2.0	0.0	34.6831993951	26.844520621
328708802.167	302400.004	4.90358795491e-08	2.16460510495e-08	-2.0	0.0	12.1928345634	19.6797801346
329313602.175	302400.004	8.35266535313e-08	2.38019723129e-08	-2.0	0.0	61.0874682031	35.2407432597
329918402.183	302400.004	7.87793104525e-08	2.29366446488e-08	-2.0	0.0	58.6940383527	32.5405974348
330523202.191	302400.004	8.70264121408e-08	2.7286382706e-08	-2.0	0.0	42.0257995765	31.9415287354
331128002.199	302400.004	9.83229937224e-08	2.79444951391e-08	-2.0	0.0	40.2220921557	36.3007319096
331732802.207	302400.004	1.16573314952e-07	2.97362671276e-08	-2.0	0.0	51.6869040983	44.8478958964
332337602.215	302400.0045	1.04607514782e-07	2.58800824129e-08	-2.0	0.0	64.601334819	39.5523094598
332942402.224	302400.004	8.90798171553e-08	2.7498044034e-08	-2.0	0.0	42.8315295343	32.9396926299
333547202.232	302400.004	8.89114734719e-08	2.66798975616e-08	-2.0	0.0	32.4257477739	35.9956137794
334152002.24	302400.004	5.87402787695e-08	0.0	-2.0	0.0	8.36214970324	9.95277957011
334756802.248	302400.004	8.8160641739e-08	2.87477543909e-08	-2.0	0.0	24.4024174637	34.6782172391
335361602.256	302400.004	9.8583306878e-08	0.0	-2.0	0.0	7.52498067778	18.3189772721
335966402.264	302400.004	5.21807649726e-08	2.14729789327e-08	-2.0	0.0	23.8770787031	18.7605110119
336571202.272	302400.004	5.71095278787e-08	0.0	-2.0	0.0	0.9794220781	7.10814915788
337176002.281	302400.0045	1.13840798079e-07	3.39125890985e-08	-2.0	0.0	41.9964982033	37.7215882603
337780802.289	302400.004	1.03285059138e-07	3.02113520148e-08	-2.0	0.0	42.6069913266	39.222137792
338385602.297	302400.004	9.60758360711e-08	3.07659014125e-08	-2.0	0.0	28.1290510139	36.1642171535
338990402.305	302400.004	6.04248638627e-08	2.02444764956e-08	-2.0	0.0	32.7490111252	23.485424602
339595202.313	302400.004	1.44176924859e-07	3.1894315067e-08	-2.0	0.0	67.2546934179	52.9204406711
340200002.321	302400.004	8.27908183845e-08	2.74935733466e-08	-2.0	0.0	28.7432253289	30.1223953802
340804802.329	302400.004	1.01755054691e-07	2.85691520882e-08	-2.0	0.0	50.2085301368	32.8363684148
341409602.337	302400.004	9.55784947105e-08	2.71040424369e-08	-2.0	0.0	48.0028569991	35.9343498628
342014402.345	302400.0045	1.22336909429e-07	3.03347332949e-08	-2.0	0.0	47.1840195291	44.8841474196
342619202.354	302400.004	1.43059095332e-07	3.20236487619e-08	-2.0	0.0	87.2344280093	58.2232518652
343224002.362	302400.004	1.07980252177e-07	2.62294555973e-08	-2.0	0.0	78.9432270442	44.6190096378
343828802.37	302400.004	6.22295075278e-08	2.22975561497e-08	-2.0	0.0	32.6559071453	27.027213869
344433602.378	302400.004	1.03663710731e-07	2.75095507062e-08	-2.0	0.0	49.6509215591	40.9986338474
345038402.386	302400.004	7.64430499711e-08	2.60273597963e-08	-2.0	0.0	25.6636375069	29.2313780117
345643202.394	302400.004	1.04045914744e-07	2.84624427246e-08	-2.0	0.0	54.1600467069	39.0233270306
346248002.403	302400.0045	7.61226753314e-08	2.62376903646e-08	-2.0	0.0	40.1764982362	28.3227310906
346852802.411	302400.004	1.41923751466e-07	3.15635601477e-08	-2.0	0.0	88.1085379265	55.7571863399
347457602.419	302400.004	6.3662198276e-08	2.01426750462e-08	-2.0	0.0	51.6798810807	29.7449314324
348062402.427	302400.004	9.35231238772e-08	2.43696348059e-08	-2.0	0.0	57.9972805258	45.7413980838
348667202.435	302400.004	1.02783450755e-07	2.47312472272e-08	-2.0	0.0	57.5124729582	48.3014484934
349272002.443	302400.004	7.48218563098e-08	2.36448917394e-08	-2.0	0.0	34.7276390568	31.6352992639
349876802.451	302400.004	8.1996463708e-08	2.34252450083e-08	-2.0	0.0	45.2646197	34.1531859793
350481602.459	302400.004	6.49904065366e-08	2.14496656765e-08	-2.0	0.0	28.4920864126	25.9101192501
351086402.467	302400.0045	7.38709443928e-08	2.61280711561e-08	-2.0	0.0	28.9378137117	31.1290737201
351691202.476	302400.004	5.49492525807e-08	2.17017478049e-08	-2.0	0.0	18.4245205108	25.2030295217
352296002.484	302400.004	9.92471192046e-08	2.37763098167e-08	-2.0	0.0	70.8921500565	49.2118491995
352900802.492	302400.004	7.91391705585e-08	2.31285919298e-08	-2.0	0.0	55.9403591968	33.0198232102
353505602.5	302400.004	1.21868909521e-07	2.81443044312e-08	-2.0	0.0	70.7299513471	52.3911585733
354110402.508	302400.004	7.72218357193e-08	2.38148444891e-08	-2.0	0.0	37.6816556542	30.2330734875
354715202.516	302400.004	1.15159317914e-07	2.86296566788e-08	-2.0	0.0	80.5572743857	43.9055961957
355320002.524	302400.004	9.82118190501e-08	2.64758941285e-08	-2.0	0.0	45.6889306536	38.5667840876
355924802.533	302400.0045	1.00802586489e-07	2.78676683043e-08	-2.0	0.0	68.8647709124	41.7619874921
356529602.541	302400.004	1.10884696393e-07	2.50505689815e-08	-2.0	0.0	75.2709329491	48.9701883381
357134402.549	302400.004	1.07217952175e-07	2.69714850914e-08	-2.0	0.0	58.0541649963	47.635994122
357739202.557	302400.004	9.2254018975e-08	2.62289482423e-08	-2.0	0.0	50.2884741809	37.9939135532
358344002.565	302400.004	1.29213516905e-07	1.93804671834e-08	-2.0	0.0	96.8096885906	47.5346402008
358948802.573	302400.004	6.55467023242e-08	2.44597999634e-08	-2.0	0.0	37.0164361056	23.4525800822
359553602.581	302400.004	1.17726976637e-07	2.80611603713e-08	-2.0	0.0	83.7496775125	42.1967869378
360158402.589	302400.004	1.39125089023e-07	3.13839376392e-08	-2.0	0.0	71.6100709788	50.3194618968
360763202.597	302400.0045	1.35883111485e-07	3.11581742359e-08	-2.0	0.0	72.9220435943	52.3484946025
361368002.606	302400.004	6.62994440869e-08	2.22737055023e-08	-2.0	0.0	39.7431298555	27.9051042072
361972802.614	302400.004	7.90427091703e-08	2.4019186001e-08	-2.0	0.0	45.3895397926	32.5360472291
362577602.622	302400.004	1.10522627661e-07	2.75968748041e-08	-2.0	0.0	90.9724186505	41.2489412799
363182402.63	302400.004	1.0175974128e-07	3.20219100982e-08	-2.0	0.0	43.4114090342	27.8583124714
363787202.638	302400.004	1.15889266994e-07	2.94385782751e-08	-2.0	0.0	63.9332451323	43.1265179773
364392002.646	302400.004	1.26702693503e-07	2.97869478639e-08	-2.0	0.0	85.5145955498	47.2051785529
364996802.655	302400.0045	1.25594919592e-07	3.12765627594e-08	-2.0	0.0	81.4516957404	46.4986470386
365601602.663	302400.004	1.1028906391e-07	2.72239876776e-08	-2.0	0.0	81.8016799038	45.000365523
366206402.671	302400.004	1.30295001841e-07	2.75655441274e-08	-2.0	0.0	108.735080965	53.9922431453
366811202.679	302400.004	1.07609061766e-07	2.85195196949e-08	-2.0	0.0	58.217315917	41.5848000448
367416002.687	302400.004	1.61791042754e-07	3.59898802867e-08	-2.0	0.0	72.2550556325	59.2069144437
368020802.695	302400.004	1.42313090187e-07	3.06359981115e-08	-2.0	0.0	85.4995817879	51.9273687743
368625602.703	302400.004	1.05525487297e-07	2.70097978386e-08	-2.0	0.0	64.7595386772	39.8179351348
369230402.711	302400.004	1.60452779843e-07	3.13948193771e-08	-2.0	0.0	124.713515864	59.9700391416
369835202.719	302400.0045	1.98039315413e-07	3.46244121898e-08	-2.0	0.0	142.348712566	74.5615113214
370440002.728	302400.004	4.21937674284e-07	0.0	-2.0	0.0	0.0201225960936	0.272838211854
371044802.736	302400.004	1.61604047271e-07	3.32997725558e-08	-2.0	0.0	123.060660746	63.7529170411
371649602.744	302400.004	1.36307419191e-07	3.23295435924e-08	-2.0	0.0	46.8516622065	51.2179276807
372254402.752	302400.004	9.33327065147e-08	2.6955897791e-08	-2.0	0.0	44.11047792	33.6312735657
372859202.76	302400.004	1.23582670094e-07	3.00768263831e-08	-2.0	0.0	78.1338374801	45.4932832812
373464002.768	302400.004	9.91142788128e-08	2.86554016147e-08	-2.0	0.0	31.025992346	38.00123964
374068802.776	302400.004	1.07420776882e-07	2.92278692951e-08	-2.0	0.0	49.9553364338	38.9594014451
374673602.785	302400.0045	1.41779454733e-07	3.46663244824e-08	-2.0	0.0	76.2146129682	53.0532863437
375278402.793	302400.004	8.47111298059e-08	2.61258890418e-08	-2.0	0.0	35.2243246001	35.1161750007
375883202.801	302400.004	1.12446528575e-07	2.91647207531e-08	-2.0	0.0	48.3867470199	47.488475578
376488002.809	302400.004	9.05642679203e-08	2.59540392117e-08	-2.0	0.0	41.0306442659	37.6109926453
377092802.817	302400.004	1.2834228622e-07	2.94597965948e-08	-2.0	0.0	73.5642439158	49.844715742
377697602.825	302400.004	1.29976531071e-07	3.07651785058e-08	-2.0	0.0	93.0066166562	44.1031192142
378302402.833	302400.004	9.74370811496e-08	2.56075587639e-08	-2.0	0.0	65.6988453571	36.5305616239
378907202.842	302400.0045	1.36547060004e-07	2.93471218224e-08	-2.0	0.0	85.9965831123	55.13136386
379512002.85	302400.004	6.48845190455e-08	2.20576347031e-08	-2.0	0.0	29.5472839707	30.1461267519
380116802.858	302400.004	1.07474533479e-07	2.33409342618e-08	-2.0	0.0	77.1781360933	53.178600758
380721602.866	302400.004	7.28900463096e-08	2.29463221756e-08	-2.0	0.0	42.4960366169	34.1416725829
381326402.874	302400.004	6.29207834455e-08	2.12245709968e-08	-2.0	0.0	30.3337226891	26.9197119991
381931202.882	302400.004	8.88780313174e-08	2.38252766125e-08	-2.0	0.0	55.9339099009	35.50611705
382536002.89	302400.004	7.88608043038e-08	2.26357587458e-08	-2.0	0.0	53.792850891	30.9833259912
383140802.898	302400.004	1.44873971942e-07	3.08081527605e-08	-2.0	0.0	81.4278492912	60.6478767897
383745602.906	302400.0045	1.09642987483e-07	2.70885184366e-08	-2.0	0.0	44.5237081137	49.6295554751
384350402.915	302400.004	9.66543114505e-08	3.87317435641e-08	-2.0	0.0	23.3697044332	19.6386588182
384955202.923	302400.004	1.05553619004e-07	2.56796900556e-08	-2.0	0.0	56.3471634395	49.9163242016
385560002.931	302400.004	9.61470119909e-08	2.51886064623e-08	-2.0	0.0	65.4294211325	39.648249778
386164802.939	302400.004	4.88368594333e-08	2.23287019409e-08	-2.0	0.0	28.9552981078	17.3795110701
386769602.947	302400.004	1.35356043185e-07	2.96158805842e-08	-2.0	0.0	87.3006263189	47.9856228191
387374402.955	302400.004	9.06247245363e-08	2.40201297608e-08	-2.0	0.0	64.4205267143	35.5213959881
387979202.963	302400.004	1.26304998256e-07	2.86056874387e-08	-2.0	0.0	62.5296822222	51.5925676506
388584002.972	302400.0045	7.25786246223e-08	2.36944815465e-08	-2.0	0.0	32.8218588254	29.5296677852
389188802.98	302400.004	6.06682623073e-08	2.27852091726e-08	-2.0	0.0	26.3930107913	24.4856373386
389793602.988	302400.004	7.23271494523e-08	2.35550147572e-08	-2.0	0.0	39.7683705163	29.2339177562
390398402.996	302400.004	5.70158387678e-08	9.95073032172e-09	-2.0	0.0	37.1553998951	29.7255530024
391003203.004	302400.004	7.73043054525e-08	2.47952680123e-08	-2.0	0.0	39.2278254031	28.2923018776
391608003.012	302400.004	1.139220116e-07	2.87431700817e-08	-2.0	0.0	53.6731338083	41.9252719851
392212803.02	302400.004	9.34019354894e-08	2.65340882315e-08	-2.0	0.0	44.1957924788	33.7180387748
392817603.028	302400.0045	8.44224190028e-08	2.64251278079e-08	-2.0	0.0	41.7663240481	32.5157130235
393422403.037	302400.004	7.02334922239e-08	2.3393233932e-08	-2.0	0.0	37.4532104569	31.6376695264
394027203.045	302400.004	7.58239723007e-08	2.31455309243e-08	-2.0	0.0	32.4176850408	36.889078678
394632003.053	302400.004	5.83553459071e-08	2.06422876539e-08	-2.0	0.0	48.1312778795	21.8858922209
395236803.061	302400.004	6.90324089754e-08	2.25078184239e-08	-2.0	0.0	39.0211183814	24.0907700546
395841603.069	302400.004	1.16040337746e-07	2.72460572235e-08	-2.0	0.0	79.7140526157	42.5626600016
396446403.077	302400.004	4.43763194037e-08	2.14496508907e-08	-2.0	0.0	9.77658534133	16.8743099194
397051203.085	302400.004	4.82775753811e-08	2.16483164108e-08	-2.0	0.0	20.5980017031	16.4936521568
397656003.094	302400.0045	1.27233838869e-07	3.13160384743e-08	-2.0	0.0	77.580736456	48.6969265888
398260803.102	302400.004	7.91932888492e-08	2.48262261713e-08	-2.0	0.0	39.6962184128	32.0649412232
398865603.11	302400.004	1.25886642838e-07	2.03458068558e-08	-2.0	0.0	72.4486407897	52.0995664471
399470403.118	302400.004	8.77734020238e-08	2.88120050023e-08	-2.0	0.0	37.0831215494	31.7456753818
400075203.126	302400.004	4.64713151451e-08	2.21823727152e-08	-2.0	0.0	17.7155403718	15.8932459113
400680003.134	302400.004	7.27180582041e-08	2.25290564554e-08	-2.0	0.0	45.2263990454	27.7506222825
401284803.142	302400.004	5.8288101285e-08	2.15696329908e-08	-2.0	0.0	25.5800132628	21.9104150577
401889603.15	302400.004	5.41170981487e-08	2.00040978288e-08	-2.0	0.0	36.2319552036	19.7728990755
402494403.158	302400.0045	7.2537923975e-08	2.35496213921e-08	-2.0	0.0	29.4262490457	29.4551578289
403099203.167	302400.004	5.82145520793e-08	2.03471864849e-08	-2.0	0.0	35.6779862301	24.285348259
403704003.175	302400.004	8.09394841775e-08	0.0	-2.0	0.0	4.64454806302	10.0203510109
404308803.183	302400.004	6.84491882176e-08	2.14501234877e-08	-2.0	0.0	38.535033781	30.6248244163
404913603.191	302400.004	9.59054488025e-08	2.28539783585e-08	-2.0	0.0	73.6706748833	47.5889564723
405518403.199	302400.004	9.95590563274e-08	2.74849578151e-08	-2.0	0.0	57.2329285814	35.8686667381
406123203.207	302400.004	1.43508192321e-07	3.41905083935e-08	-2.0	0.0	49.8251854255	51.7644605439
406728003.215	302400.0045	8.06491293919e-08	2.54306180567e-08	-2.0	0.0	53.3569921135	31.4327405843
407332803.224	302400.004	9.16874280445e-08	2.8635891503e-08	-2.0	0.0	27.0480587142	38.0398240884
407937603.232	302400.004	9.60521020144e-08	2.2660088703e-08	-2.0	0.0	68.3065757174	54.0234515317
408542403.24	302400.004	1.02400662803e-07	2.50243720641e-08	-2.0	0.0	58.3610011039	52.3188720698
409147203.248	302400.004	1.03233650102e-07	2.59239903074e-08	-2.0	0.0	69.5436967802	44.2509705117
409752003.256	302400.004	8.89924801312e-08	2.06133437077e-08	-2.0	0.0	55.191965304	55.8792804504
410356803.264	302400.004	9.88204386536e-08	1.74979670883e-08	-2.0	0.0	127.521415934	80.6570625868
410961603.272	302400.004	8.49220664034e-08	1.45947224113e-08	-2.0	0.0	109.225298413	94.0678709471
411566403.281	302400.0045	6.80880885078e-08	1.23793768913e-08	-2.0	0.0	108.32872733	83.1926303321
412171203.289	302400.004	7.70678002659e-08	1.86845449641e-08	-2.0	0.0	66.4310638627	50.0423399541
412776003.297	302400.004	1.11071219926e-07	3.4470933925e-08	-2.0	0.0	41.8759639489	29.1392625639
413380803.305	302400.004	1.0126761746e-07	2.02737479121e-08	-2.0	0.0	112.77914437	63.7051516538
413985603.313	302400.004	8.95064429812e-08	2.03001086989e-08	-2.0	0.0	85.5367955248	54.4745984735
414590403.321	302400.004	9.3000962615e-08	1.94120322206e-08	-2.0	0.0	81.3700005505	63.4731865441
415195203.329	302400.004	1.10706992148e-07	2.33410023863e-08	-2.0	0.0	85.0220077861	59.4871458613
415800003.337	302400.004	1.19041973507e-07	1.61034683938e-08	-2.0	0.0	190.321321269	138.76859377
416404803.345	302400.0045	5.31856101956e-08	1.50927366534e-08	-2.0	0.0	46.4290087197	39.8863499851
417009603.354	302400.004	1.0957826848e-07	1.82882514242e-08	-2.0	0.0	137.19453652	97.4662292911
417614403.362	302400.004	8.82830805873e-08	1.83620748071e-08	-2.0	0.0	105.92996656	66.8379866101
418219203.37	302400.004	1.08014656352e-07	1.97763584991e-08	-2.0	0.0	118.776949094	78.6991604918
418824003.378	302400.004	1.01614402516e-07	2.19843375621e-08	-2.0	0.0	100.414180658	61.5599483923
419428803.386	302400.004	1.16711183311e-07	2.00289462488e-08	-2.0	0.0	156.201421304	89.465766337
420033603.394	302400.004	7.24621390043e-08	1.74031969378e-08	-2.0	0.0	71.6243890313	45.8698350768
420638403.403	302400.0045	1.78356422314e-07	3.32022965937e-08	-2.0	0.0	100.07474372	72.3626816483
421243203.411	302400.004	1.05026858887e-07	1.85939678357e-08	-2.0	0.0	65.6216579806	44.8006080525
421848003.419	302400.004	8.71768647363e-08	2.43807504517e-08	-2.0	0.0	75.9050208189	36.3337471663
422452803.427	302400.004	8.64329960901e-08	2.61496939033e-08	-2.0	0.0	51.387187482	33.0350153391
423057603.435	302400.004	1.09364123742e-07	3.33287973227e-08	-2.0	0.0	53.5105509056	29.23478821
423662403.443	302400.004	2.60021208083e-07	8.39940219581e-08	-2.0	0.0	32.1231721122	19.8886359765
424267203.451	302400.004	1.78256852963e-07	5.47621945127e-08	-2.0	0.0	42.7633561087	24.5770583142
424872003.459	302400.004	7.84768480743e-08	3.12372795772e-08	-2.0	0.0	23.2294345576	22.1112991298
425476803.467	302400.0045	7.98794557533e-08	2.84519671946e-08	-2.0	0.0	26.1136225668	25.7648094941
426081603.476	302400.004	5.31033906389e-08	2.13918800419e-08	-2.0	0.0	20.0205789847	22.7393474556
426686403.484	302400.004	1.44101959957e-07	2.41301492239e-08	-2.0	0.0	159.064182787	87.7399062956
427291203.492	302400.004	8.73591707925e-08	1.94463043792e-08	-2.0	0.0	88.4707545832	60.6210433912
427896003.5	302400.004	5.2230535581e-08	1.81780759704e-08	-2.0	0.0	39.0649411027	27.1509770327
428500803.508	302400.004	1.23046725319e-07	2.24271881929e-08	-2.0	0.0	117.701360852	90.331564019
429105603.516	302400.004	9.46208012857e-08	1.56313442189e-08	-2.0	0.0	141.735488252	95.3341306491
429710403.524	302400.004	1.04597279188e-07	1.45454443903e-08	-2.0	0.0	186.992793836	129.555627949
430315203.533	302400.0045	5.91996642924e-08	1.72435694033e-08	-2.0	0.0	41.5272294265	37.0161226015
430920003.541	302400.004	8.03222811031e-08	1.60834830569e-08	-2.0	0.0	93.6691875593	67.4008484877
431524803.549	302400.004	1.14246841548e-07	2.02163967372e-08	-2.0	0.0	127.576643664	84.5109055765
432129603.557	302400.004	1.50755226747e-07	2.37537434079e-08	-2.0	0.0	148.004716013	98.6026137885
432734403.565	302400.004	1.12993332233e-07	2.24640099799e-08	-2.0	0.0	103.340573954	70.5318504664
433339203.573	302400.004	1.12005055111e-07	1.83382539672e-08	-2.0	0.0	158.812861907	95.0881786229
433944003.581	302400.004	1.09234342697e-07	1.55590089927e-08	-2.0	0.0	209.580322629	121.7521336
434548803.589	302400.004	9.19807499461e-08	1.40483948222e-08	-2.0	0.0	195.306968076	109.587085364
435153603.597	302400.0045	1.07878153546e-07	1.73314510238e-08	-2.0	0.0	154.558874425	102.789795402
435758403.606	302400.004	1.11084411701e-07	1.96800643277e-08	-2.0	0.0	134.888596098	81.1939149751
436363203.614	302400.004	1.43446529442e-07	2.32332695872e-08	-2.0	0.0	199.048328207	95.2772450345
436968003.622	302400.004	1.2406801943e-07	2.24975267046e-08	-2.0	0.0	148.348631328	76.2186297726
437572803.63	302400.004	9.94271585553e-08	1.98933114719e-08	-2.0	0.0	100.810402399	68.7520389222
438177603.638	302400.004	1.3001276368e-07	1.77426776304e-08	-2.0	0.0	207.709239387	122.218928571
438782403.646	302400.004	1.56110734581e-07	1.70235968139e-08	-2.0	0.0	384.373595366	182.782105535
439387203.655	302400.0045	1.51633454878e-07	2.21259342181e-08	-2.0	0.0	187.894778126	108.845047847
439992003.663	302400.004	2.02565401852e-07	3.31217685878e-08	-2.0	0.0	161.136333324	85.5582117927
440596803.671	302400.004	2.1282857826e-07	3.21938001877e-08	-2.0	0.0	214.941530281	96.7598712732
441201603.679	302400.004	2.08986580421e-07	3.27022910775e-08	-2.0	0.0	181.650459147	88.6398846704
441806403.687	302400.004	2.09933793551e-07	3.35825487338e-08	-2.0	0.0	164.674346505	83.0418231961
442411203.695	302400.004	1.31423810528e-07	2.8814879368e-08	-2.0	0.0	79.5388723587	51.1449391584
443016003.703	302400.004	1.23745814832e-07	2.67668266635e-08	-2.0	0.0	86.7676271788	50.8861928298
443620803.711	302400.004	1.46729016373e-07	2.83420182549e-08	-2.0	0.0	96.3958222311	65.6373627449
444225603.719	302400.0045	1.30357542128e-07	2.59063407738e-08	-2.0	0.0	83.8791892341	63.8406515068
444830403.728	302400.004	1.32492543771e-07	2.76903488504e-08	-2.0	0.0	109.051387618	61.6600183549
445435203.736	302400.004	1.52917590283e-07	3.15527262396e-08	-2.0	0.0	92.0281546377	67.7593206363
446040003.744	302400.004	8.27329487261e-08	2.44113099341e-08	-2.0	0.0	57.4660472845	34.0127317072
446644803.752	302400.004	1.25844951722e-07	2.80322232801e-08	-2.0	0.0	80.2123622779	50.3021792949
447249603.76	302400.004	1.49479490847e-07	2.89600628693e-08	-2.0	0.0	110.167064003	62.2613782351
447854403.768	302400.004	1.14302657393e-07	2.6347082197e-08	-2.0	0.0	79.5266929294	51.3674188877
448459203.776	302400.004	1.59517162395e-07	2.33224127553e-08	-2.0	0.0	182.230800691	114.352456619
449064003.785	302400.0045	1.9052661678e-07	2.41237911051e-08	-2.0	0.0	338.014867889	150.137616994
449668803.793	302400.004	1.32633619425e-07	2.36734606636e-08	-2.0	0.0	139.790132278	86.5861172564
450273603.801	302400.004	9.80324320792e-08	2.79228930401e-08	-2.0	0.0	51.8166652059	37.355336421
450878403.809	302400.004	1.05267068496e-07	2.7919698863e-08	-2.0	0.0	65.9963457379	38.536202055
451483203.817	302400.004	1.38019425294e-07	2.92927135897e-08	-2.0	0.0	89.6498468117	53.7308001071
452088003.825	302400.004	1.74588616218e-07	3.33324794648e-08	-2.0	0.0	129.209442845	67.6605380418
452692803.833	302400.004	1.13566790619e-07	3.15496924086e-08	-2.0	0.0	55.2285858565	47.0518875482
453297603.842	302400.0045	1.31924143346e-07	3.00514446164e-08	-2.0	0.0	98.0963004559	56.6969522424
453902403.85	302400.004	1.15712689201e-07	2.86020048662e-08	-2.0	0.0	63.1405088591	47.3399718947
454507203.858	302400.004	1.28522215824e-07	3.15529768017e-08	-2.0	0.0	61.4214719588	49.3228243745
455112003.866	302400.004	9.47214368697e-08	2.75840277898e-08	-2.0	0.0	31.7368598312	35.1857528431
455716803.874	302400.004	1.04146002409e-07	2.66258776117e-08	-2.0	0.0	56.6633851783	39.1302359359
456321603.882	302400.004	1.33213938294e-07	2.71652874811e-08	-2.0	0.0	105.461126874	60.0356773183
456926403.89	302400.004	1.17286760824e-07	2.93080658829e-08	-2.0	0.0	53.0755932857	46.3948471211
457531203.898	302400.004	1.08067122472e-07	3.13463964508e-08	-2.0	0.0	38.5964151274	36.1969142162
458136003.906	302400.0045	6.10088446567e-08	2.19810739601e-08	-2.0	0.0	29.8569649565	26.0824330071
458740803.915	302400.004	1.33463425474e-07	2.87264857862e-08	-2.0	0.0	89.8371750921	54.5523097029
459345603.923	302400.004	9.82319370575e-08	2.93445601755e-08	-2.0	0.0	38.1073709532	35.7258556407
459950403.931	302400.004	1.150992055e-07	2.9347603174e-08	-2.0	0.0	53.8871172005	43.0998139896
460555203.939	302400.004	9.8844575564e-08	2.68872110413e-08	-2.0	0.0	65.6369997663	37.381640165
461160003.947	302400.004	1.40542004549e-07	3.74655760649e-08	-2.0	0.0	56.4986632818	52.0660006039
461764803.955	302400.004	1.96015783907e-07	3.52439673007e-08	-2.0	0.0	124.365342744	74.6309085622
462369603.963	302400.004	7.80615942816e-08	2.47956564431e-08	-2.0	0.0	35.6732230565	32.9702634974
462974403.972	302400.0045	8.45481231568e-08	2.46300587782e-08	-2.0	0.0	43.2907924861	35.4548372566
463579203.98	302400.004	5.5755220094e-08	2.49029648595e-08	-2.0	0.0	15.1315095875	21.6767133103
464184003.988	302400.004	1.19836773077e-07	2.92958346127e-08	-2.0	0.0	66.48279083	44.1586934108
464788803.996	302400.004	1.25553684946e-07	2.81789736111e-08	-2.0	0.0	89.5255030313	47.4011350595
465393604.004	302400.004	1.05342162968e-07	2.62332608642e-08	-2.0	0.0	71.3008298695	39.847587948
465998404.012	302400.004	5.98710139036e-08	2.54261275905e-08	-2.0	0.0	17.1382323251	21.7890390733
466603204.02	302400.004	9.37549454683e-08	2.42829718957e-08	-2.0	0.0	63.5306353716	39.1102444017
467208004.028	302400.0045	7.59810595355e-08	2.44124191085e-08	-2.0	0.0	30.0764691374	32.4545004224
467812804.037	302400.004	5.3602840613e-08	2.2022960558e-08	-2.0	0.0	21.5691801748	21.7903084564
468417604.045	302400.004	9.92580061007e-08	2.83191816677e-08	-2.0	0.0	57.2755470602	36.3594790363
469022404.053	302400.004	1.32346298601e-07	3.09406983948e-08	-2.0	0.0	69.8312948725	47.3642245058
469627204.061	302400.004	1.21978347277e-07	2.74865900888e-08	-2.0	0.0	90.5578233523	45.1022111225
470232004.069	302400.004	9.40467622963e-08	2.65353448213e-08	-2.0	0.0	46.0790326593	34.8104218685
470836804.077	302400.004	4.74491457492e-08	2.29522337338e-08	-2.0	0.0	13.1180180813	18.3737028961
471441604.085	302400.004	1.23269069511e-07	3.08185649799e-08	-2.0	0.0	60.0265571967	44.3257110361
472046404.094	302400.0045	9.13779396831e-08	2.4315322614e-08	-2.0	0.0	69.7494054582	40.439428755
472651204.102	302400.004	9.78789623028e-08	2.46603233763e-08	-2.0	0.0	49.3877262005	44.8612061539
473256004.11	302400.004	6.82107282469e-08	2.11501433481e-08	-2.0	0.0	30.6200318835	29.1538935635
473860804.118	302400.004	8.97720737588e-08	2.66962442608e-08	-2.0	0.0	61.1313078234	33.6602248343
474465604.126	302400.004	3.37849246112e-08	1.84690235178e-08	-2.0	0.0	11.8694406004	11.823083228
475070404.134	302400.004	7.61038358533e-08	2.2639231228e-08	-2.0	0.0	47.2965217589	31.9889241193
475675204.142	302400.004	4.49492666268e-08	1.99036076646e-08	-2.0	0.0	23.8611403797	21.2210394023
476280004.15	302400.004	6.41438906943e-08	1.96613849035e-08	-2.0	0.0	46.4983027095	32.3985691479
476884804.158	302400.0045	6.10040207521e-08	1.93125908843e-08	-2.0	0.0	38.06896349	29.9051955957
477489604.167	302400.004	8.20366799281e-08	2.37665538562e-08	-2.0	0.0	56.4671545719	36.7071361313
478094404.175	302400.004	5.86723072965e-08	2.05060786544e-08	-2.0	0.0	34.1897636185	24.0227727357
478699204.183	302400.004	7.11142547395e-08	2.2202651185e-08	-2.0	0.0	42.6010789001	28.1020976732
479304004.191	302400.004	7.60130457936e-08	2.32698306731e-08	-2.0	0.0	29.5872289554	31.7487033218
479908804.199	302400.004	7.81272743696e-08	2.39142806906e-08	-2.0	0.0	33.7116693879	35.3246938443
480513604.207	302400.004	7.21331055782e-08	2.20642006326e-08	-2.0	0.0	38.8794382081	34.4764367387
481118404.215	302400.0045	5.5520434803e-08	1.97449645729e-08	-2.0	0.0	22.0810940656	26.6943359237
481723204.224	302400.004	1.14895797345e-07	2.92910171111e-08	-2.0	0.0	54.2459823286	49.2589849182
482328004.232	302400.004	4.00654760728e-08	1.99454029522e-08	-2.0	0.0	11.0821280115	15.0655653732
482932804.24	302400.004	1.10033962794e-07	2.90119143971e-08	-2.0	0.0	62.8350083676	39.72373047
483537604.248	302400.004	1.5424649875e-07	3.58539048672e-08	-2.0	0.0	73.2669679848	55.8462072367
484142404.256	302400.004	8.22905544765e-08	1.90793186997e-08	-2.0	0.0	37.4662482224	31.1600456117
484747204.264	302400.004	1.82925880589e-07	3.95309402159e-08	-2.0	0.0	71.7540030657	65.1949643706
485352004.272	302400.004	1.4154352024e-07	3.33257403406e-08	-2.0	0.0	70.1881016391	56.5409067435
485956804.281	302400.0045	1.75983407924e-07	3.20037849795e-08	-2.0	0.0	116.253355154	71.6140383089
486561604.289	302400.004	1.22634860475e-07	2.89644876265e-08	-2.0	0.0	62.8297776401	46.2567764557
487166404.297	302400.004	1.49903804436e-07	3.12775066719e-08	-2.0	0.0	109.538844874	54.7364570904
487771204.305	302400.004	1.18370285579e-07	2.32138739438e-08	-2.0	0.0	97.391801806	64.4131689556
488376004.313	302400.004	1.2710310268e-07	2.46852036704e-08	-2.0	0.0	115.24531405	66.8681406243
488980804.321	302400.004	1.37258123014e-07	3.24323291882e-08	-2.0	0.0	54.6680265323	49.3847091812
489585604.329	302400.004	1.09249951708e-07	3.08946279517e-08	-2.0	0.0	56.021966282	37.849355223
490190404.337	302400.004	1.07400187499e-07	2.5670957394e-08	-2.0	0.0	82.1742505725	46.7748961986
490795204.345	302400.0045	1.31531896242e-07	2.2284746675e-08	-2.0	0.0	135.612003959	87.5588944071
491400004.354	302400.004	7.51863715961e-08	2.55752889091e-08	-2.0	0.0	30.1337763379	27.4997947179
492004804.362	302400.004	2.3299224387e-07	8.83228405166e-08	-2.0	0.0	29.3033752582	15.3048822001
492609604.37	302400.004	1.17445378901e-07	3.05752329791e-08	-2.0	0.0	56.2284790298	38.9534416961
493214404.378	302400.004	1.01778544919e-07	2.98664226252e-08	-2.0	0.0	40.4779750787	36.9196182913
493819204.386	302400.004	1.31350772358e-07	2.8795754991e-08	-2.0	0.0	99.2074184855	51.9734742939
494424004.394	302400.004	1.42517909564e-07	2.83455267943e-08	-2.0	0.0	121.868850939	60.3003970431
495028804.403	302400.0045	9.47097474214e-08	2.83425520735e-08	-2.0	0.0	45.7114825994	39.755813489
495633604.411	302400.004	1.0770246601e-07	2.91579240815e-08	-2.0	0.0	53.6226640178	40.8915885606
496238404.419	302400.004	1.14178271154e-07	2.98957477766e-08	-2.0	0.0	50.4438126122	41.9622089677
496843204.427	302400.004	7.71477006672e-08	1.98075612076e-08	-2.0	0.0	48.5231663284	45.9972252373
497448004.435	302400.004	9.67114057388e-08	2.78237401715e-08	-2.0	0.0	26.8130552225	37.3126194719
498052804.443	302400.004	1.19910396726e-07	2.91768683814e-08	-2.0	0.0	68.0631257147	41.4517740046
498657604.451	302400.004	1.49302018866e-07	3.26136718725e-08	-2.0	0.0	92.6805482059	59.0725545949
499262404.459	302400.004	1.10910669565e-07	2.01646215463e-08	-2.0	0.0	107.977919979	83.3727878702
499867204.467	302400.0045	8.39504913128e-08	1.76249604559e-08	-2.0	0.0	80.6132829502	64.8479430006
500472004.476	302400.004	1.24495182681e-07	2.25602273579e-08	-2.0	0.0	150.517099122	80.3045179518
501076804.484	302400.004	1.70169846371e-07	2.93963821699e-08	-2.0	0.0	118.4044527	81.2842513199
501681604.492	302400.004	1.94363865635e-07	3.3697054923e-08	-2.0	0.0	151.22118509	71.1709197666
502286404.5	302400.004	2.10327080211e-07	3.41295025029e-08	-2.0	0.0	167.144932708	77.1310148523
502891204.508	302400.004	2.10266373765e-07	3.68550092359e-08	-2.0	0.0	136.60546499	81.7818096394
503496004.516	302400.004	2.20704683268e-07	4.31473296456e-08	-2.0	0.0	92.7991661321	63.2234050023
504100804.524	302400.004	1.45886266994e-07	3.29364596808e-08	-2.0	0.0	91.1942430857	54.1428490053
504705604.533	302400.0045	8.29245288138e-08	2.78371745245e-08	-2.0	0.0	27.2638031993	27.4300125708
505310404.541	302400.004	1.39336883071e-07	2.98081402861e-08	-2.0	0.0	107.187171007	49.9114003517
505915204.549	302400.004	9.82076743655e-08	2.66430492991e-08	-2.0	0.0	55.7488440573	35.680608355
506520004.557	302400.004	2.52307910438e-07	3.79517118942e-08	-2.0	0.0	217.409002703	94.3385483885
507124804.565	302400.004	1.14192200952e-07	3.04588575877e-08	-2.0	0.0	46.7615943128	41.1834320931
507729604.573	302400.004	1.42780370569e-07	3.00341225368e-08	-2.0	0.0	113.247655323	57.2782717856
508334404.581	302400.004	7.66646713853e-08	2.30302697345e-08	-2.0	0.0	42.1088588952	33.7982965529
508939204.589	302400.004	1.42281773718e-07	3.04051223935e-08	-2.0	0.0	76.9517099479	59.6207884802
509544004.597	302400.0045	1.54752746614e-07	3.31367270566e-08	-2.0	0.0	85.7308766835	57.4422767482
510148804.606	302400.004	8.11446903335e-08	2.67052957094e-08	-2.0	0.0	24.5229038255	29.6103615056
510753604.614	302400.004	1.49783300878e-07	2.96583625198e-08	-2.0	0.0	122.863321313	55.7192957248
511358404.622	302400.004	9.67735497681e-08	2.6384279566e-08	-2.0	0.0	49.9349177935	35.7066408647
511963204.63	302400.004	9.35926393293e-08	2.62538147339e-08	-2.0	0.0	44.2653117708	39.536409643
512568004.638	302400.004	1.05336336868e-07	2.44126004822e-08	-2.0	0.0	77.6902921723	50.2623523132
513172804.646	302400.004	1.13981378836e-07	2.41070515612e-08	-2.0	0.0	84.9332646125	65.7286750027
513777604.655	302400.0045	1.4620774759e-07	3.01946091088e-08	-2.0	0.0	97.3273077886	62.5864295489
514382404.663	302400.004	8.71037194304e-08	2.50971547435e-08	-2.0	0.0	48.361424313	32.158640027
514987204.671	302400.004	9.22612870645e-08	2.63538642099e-08	-2.0	0.0	45.9307563394	32.8695365674
515592004.679	302400.004	1.05966987245e-07	2.93651162283e-08	-2.0	0.0	62.4827171389	37.5429593671
516196804.687	302400.004	1.08902285534e-07	2.82973097698e-08	-2.0	0.0	42.834432578	40.2665436896
516801604.695	302400.004	1.06295404548e-07	2.89037065947e-08	-2.0	0.0	52.9750381525	42.6624236286
517406404.703	302400.004	9.23837285961e-08	2.55128872311e-08	-2.0	0.0	60.9829377143	35.2345320852
518011204.711	302400.004	9.92980165637e-08	2.87972628323e-08	-2.0	0.0	41.7552942575	40.864771205
518616004.719	302400.0045	1.82581728655e-07	3.61108240618e-08	-2.0	0.0	102.232097785	60.033885973
519220804.728	302400.004	1.30797742673e-07	2.88752273275e-08	-2.0	0.0	105.446830979	48.273025257
519825604.736	302400.004	1.22329925358e-07	3.01658508061e-08	-2.0	0.0	65.7137134822	42.2179491259
520430404.744	302400.004	1.23874617118e-07	2.63311939391e-08	-2.0	0.0	85.521751056	70.1771546872
521035204.752	302400.004	1.65210416094e-07	3.45428861411e-08	-2.0	0.0	88.0448208771	58.5170857834
521640004.76	302400.004	1.41528793404e-07	3.19635934324e-08	-2.0	0.0	80.0963803834	51.6309380887
522244804.768	302400.004	1.06351003383e-07	2.60942181086e-08	-2.0	0.0	78.1942706161	46.2439906112
522849604.776	302400.004	1.92660114009e-07	3.56240259095e-08	-2.0	0.0	120.769019313	76.5703810933
523454404.785	302400.0045	1.60546277443e-07	3.22467772829e-08	-2.0	0.0	102.780088297	57.553841554
524059204.793	302400.004	1.44738512815e-07	2.90071627857e-08	-2.0	0.0	121.390580393	53.9265752362
524664004.801	302400.004	9.52550613053e-08	1.92594850581e-08	-2.0	0.0	57.4207359064	35.7012220544
525268804.809	302400.004	5.82234262508e-08	2.25837378588e-08	-2.0	0.0	24.2346227455	21.4532237008
525873604.817	302400.004	1.32274809867e-07	3.07139255823e-08	-2.0	0.0	74.4573870415	51.3029521508
526478404.825	302400.004	1.58222095801e-07	3.39036729631e-08	-2.0	0.0	73.3777076281	63.2894930372
527083204.833	302400.004	1.16797119318e-07	2.22901202122e-08	-2.0	0.0	127.318061174	73.8134350828
527688004.842	302400.0045	1.12305004877e-07	2.75713917335e-08	-2.0	0.0	68.1907491515	47.1653153938
528292804.85	302400.004	1.12946605298e-07	2.78883195323e-08	-2.0	0.0	71.3761750384	41.8235034142
528897604.858	302400.004	1.09282301068e-07	2.96332775543e-08	-2.0	0.0	51.4633782934	41.153413135
529502404.866	302400.004	1.18832365811e-07	2.81986106188e-08	-2.0	0.0	69.5837652164	44.357298553
530107204.874	302400.004	1.08937254367e-07	2.89106979816e-08	-2.0	0.0	53.3280919347	40.8332492259
530712004.882	302400.004	1.08887035222e-07	2.82602729717e-08	-2.0	0.0	63.3866796935	44.2302205189
531316804.89	302400.004	8.98745982655e-08	2.74689147775e-08	-2.0	0.0	34.2647543406	37.7719220094
531921604.898	302400.004	1.42567497412e-07	3.08226543697e-08	-2.0	0.0	82.0774767451	56.2945791124
532526404.906	302400.0045	1.58599726472e-07	3.39230130578e-08	-2.0	0.0	81.8263102133	58.0310451725
533131204.915	302400.004	9.91301152657e-08	2.72283827318e-08	-2.0	0.0	51.4940241509	35.8131068684
533736004.923	302400.004	1.36116061794e-07	3.12543393363e-08	-2.0	0.0	60.2776007626	48.5426119825
534340804.931	302400.004	8.60939644106e-08	2.75106905929e-08	-2.0	0.0	36.0000356462	31.1594107514
534945604.939	302400.004	9.06334623158e-08	3.01426998818e-08	-2.0	0.0	30.8442474741	34.3018009646
535550404.947	302400.004	7.43393682653e-08	2.64080465921e-08	-2.0	0.0	28.7235012735	28.2025966435
536155204.955	302400.004	1.00587659158e-07	2.48595489074e-08	-2.0	0.0	69.2001434562	48.4537355791
536760004.963	302400.004	4.42756489122e-08	1.91574257134e-08	-2.0	0.0	18.8090830994	20.1920629922
537364804.971	302400.0045	8.36336030212e-08	2.55245219399e-08	-2.0	0.0	33.4880996209	34.9369278735
537969604.98	302400.004	4.83826105637e-08	3.21925333037e-08	-2.0	0.0	9.92199237378	7.37562116415
538574404.988	302400.004	1.36987696434e-07	3.23331602702e-08	-2.0	0.0	83.7342076755	45.6363510371
539179204.996	302400.004	1.40958321174e-07	4.18713069827e-08	-2.0	0.0	49.8663182056	35.7124952919
